      x
      x
      x
      x
      x
      x
      x
      x
      x
      x
      x
      x
      x
      x
      x
      x
      x
      x
      x
      x
      x
      x
  15663
  17936
 -12792
 -24505
   8390
  31133
   6766
 -23124
 -16869
   9262
  19140
   2522
 -15514
  -3813
  22608
  15766
 -21610
 -30624
    906
  19982
   4683
  -7880
    -51
   8542
   8824
   3939
  -4554
  -6428
   4701
  12252
   9570
   9960
   7201
  -6343
 -10727
    509
  -1717
 -16810
 -11418
   7768
   4905
  -7960
  -2830
  13819
  20395
  10697
  -9363
 -15117
   8488
  28193
   7690
 -16650
  -3644
  17135
   4766
 -15821
 -10660
   6495
   8671
  -2993
 -15930
 -15368
    569
  12740
   4097
  -8651
  -6182
   2303
   -976
  -7845
  -3219
  12320
  14880
  -5853
 -18254
   6607
  32680
  13040
 -19512
 -11718
   8064
  -4549
 -12818
  16861
  28632
  -9441
 -29599
  10189
  41896
  10220
 -33422
 -27269
   6019
  17580
   6605
  -5367
  -8617
   1845
  21836
  23969
  -2531
 -22454
  -9097
  11123
   5383
 -12031
 -18746
 -15220
  -4748
  10675
  11471
 -10510
 -24896
  -5386
  20585
  12805
 -15499
 -22273
  -1559
  13019
   5507
  -6048
  -4565
   5035
  10373
   3337
 -14464
 -24533
  -9622
  18687
  25451
   3966
 -15313
 -12446
    219
   4227
   2947
  -3320
 -14965
 -19519
  -3872
  11144
   3381
 -12557
  -5206
  12700
  10579
  -2860
    569
  14251
   9515
 -12363
 -20669
  -4837
  18350
  24035
   9417
  -8241
  -5989
  11406
  15791
  -8648
 -31069
 -19277
  12734
  24094
   3971
 -19072
 -20578
    127
  23946
  20838
  -8768
 -20465
   7364
  28535
   8928
 -11775
  -2210
   3041
 -13958
 -15124
  10355
  15112
 -10458
 -11731
  14173
   9918
 -24969
 -23446
  16775
  28701
   2921
  -9730
   -670
   1763
    626
  10385
  11154
 -12247
 -28578
  -8862
  17884
  12857
  -4691
   3818
  18475
   4803
 -18067
 -11311
  12120
  21576
   9263
  -8987
 -17561
 -10939
   -995
    460
   1439
   1745
  -6892
  -7919
  11711
  21529
  -2171
 -18381
   3107
  19842
  -1447
 -19104
  -5381
   8461
   1695
   3868
  14554
   1846
 -18777
  -6463
  23101
  21664
  -3552
  -8269
   7845
  14915
   7076
  -1880
  -7366
  -5561
   7260
  13072
  -4953
 -21813
 -12303
   2138
  -4580
 -10976
   1361
   3872
 -11578
  -6313
  15692
   6908
 -20810
  -9882
  26309
  25179
  -4361
 -11258
  -4356
 -15961
 -23017
   5076
  31201
  11918
 -22410
 -17224
  15499
  23035
   -646
 -12411
  -1842
   7354
   8200
  10158
   3862
  -7780
    564
  23468
  21269
  -8018
 -20225
    554
  18085
   4722
 -17782
 -14395
   7056
  12540
  -6340
 -18792
  -9057
    788
 -12190
 -23590
  -4732
  24162
  17749
 -13329
 -23806
 -10360
   1611
   8092
  10760
  -1425
 -13566
   -460
  15290
  -1672
 -25064
 -10992
  22414
  25828
    992
 -16885
 -13711
    861
  10842
   7586
  -2582
  -1632
   7738
   4462
 -10051
 -13078
   1399
  13212
   8497
  -4376
  -5809
   6435
  15329
   8089
  -4336
  -8814
  -2862
   3488
    542
   -251
  13091
  18202
  -6519
 -22602
   3190
  24393
  -5865
 -37454
 -12550
  27775
  19705
 -13977
 -16367
   9544
  25733
  15638
  -9523
 -28527
 -17997
  14841
  30874
   7115
 -26430
 -26024
   6427
  25281
   6584
 -18841
 -15405
   7449
  19779
  13462
   1342
  -6418
  -1878
   6544
   7432
   2755
   5108
   1339
 -18522
 -25769
   3659
  24664
  -1354
 -28493
  -9338
  15998
   6304
  -5341
   2120
  -2318
 -14596
  -4086
   9017
  -5828
 -14411
   6373
  16247
  -5943
 -21239
 -11645
  -2138
  -2860
   4344
  19926
  18196
  -8085
 -24782
  -6115
  21276
  16579
 -11718
 -21336
  -2111
  10861
  -1355
 -12684
  -3312
   -340
 -15980
 -10383
  22298
  20722
 -20643
 -23539
  20477
  23421
 -21022
 -23742
  18733
  23397
 -11905
 -18140
   3588
   9946
   7842
  16030
  11507
 -14733
 -22800
   1761
  16139
  -7609
 -31028
 -12849
  21281
  25205
   3864
  -7331
  -2022
   2276
   5313
  12128
   7744
  -6595
  -5272
   9558
    177
 -25553
 -18065
  13382
  21802
   6995
   -540
   -482
  -5010
  -8647
 -10283
 -11268
  -1333
  11312
   2468
 -20299
 -18691
  11947
  24303
   2371
 -11619
   2929
   3570
 -21297
 -15200
  28377
  33926
 -17328
 -44688
  -9056
  24737
  12491
  -5165
   2675
   9698
   -163
  -9079
  -8107
  -2140
   4829
   4719
  -4288
  -6842
   2571
   6052
  -2413
  -5634
   4550
  11450
    -94
 -12915
  -8303
     97
  -1788
     40
  10941
  12696
   5545
   4928
    515
 -12276
  -9510
  11510
  12964
 -14774
 -30618
  -8656
  20275
  23655
   6658
  -7674
 -11379
  -6234
   -348
  -4557
 -12545
  -1491
  17862
  11382
 -10669
 -10782
   -257
  -3737
  -1046
  20200
  20247
  -7299
 -16194
   5787
  18489
   8500
   -627
   4121
  13889
  12035
  -6578
 -13332
   5852
  11441
 -13519
 -18627
  10378
  13647
 -16819
 -20666
   6558
   8952
 -12716
 -10601
  10919
  15238
   5333
   1850
    180
  -7637
  -7862
   4639
  10071
   2205
   1933
  15571
  16662
  -5307
 -16165
  -2505
   4808
  -7749
 -14135
  -7876
  -5141
   2254
  14888
   8101
  -9597
  -1354
  19261
   9280
 -17685
 -18690
    535
   9961
   4680
  -6407
 -15170
  -8713
   7880
   6409
 -12324
  -9507
  14130
  17552
  -2936
  -6828
   5613
   3909
  -2998
   9710
  19305
  -3378
 -25243
  -8073
  15165
   3468
 -20251
 -15754
   4070
  11016
   3165
  -4786
  -7976
  -6223
  -4382
  -6690
  -6350
   4493
  13562
   5369
  -5335
   5461
  23695
  12802
 -20620
 -23782
  11453
  29449
   2842
 -18002
   1782
  23063
   9645
 -14859
 -17252
  -2810
   8398
   7809
   2174
  -2037
  -5380
  -7151
     16
  11530
   8077
  -9110
  -9883
  10872
  18550
  -2542
 -26394
 -26703
  -2256
  23095
  19746
  -6405
 -11963
   5397
   6427
  -9043
  -2712
  10449
  -4569
 -19802
  -2276
  11245
  -4874
 -11685
   8837
  17486
   -475
 -11434
    -96
  14966
  20015
  12026
  -2676
  -9842
   1367
  13414
   9163
  -5742
 -13444
 -10274
  -1196
   5144
   3666
  -4756
 -11045
  -6385
   6564
   6831
 -11089
 -17198
   4205
   9438
 -15905
 -17675
  21181
  31691
  -8814
 -31023
  -2621
  17967
   2461
  -8087
   7965
  15906
   2988
  -1971
   8571
   9720
  -4412
 -14582
 -10358
  -1310
   1709
  -7316
 -20831
 -17261
   5783
  21297
  12769
  -1526
    549
   7232
   1248
  -7157
    150
  15424
  16903
  -1131
 -19789
 -14863
  12627
  29007
  12364
 -11531
 -10430
   4130
   5885
  -2417
  -2125
    957
  -4658
 -10049
   -646
  12251
   8910
  -5316
  -9305
  -3342
    611
    962
   3857
    827
 -13208
 -19289
  -2909
   8137
  -6246
 -19583
  -7170
  10918
  13593
  10252
   6564
   1381
   5069
  12647
   3082
 -16074
 -12208
   9218
  11812
  -9704
 -22245
  -9486
  14481
  25885
  12515
 -13376
 -15153
  18981
  40246
   7470
 -35653
 -25294
  15937
  22972
  -1657
 -12702
  -8560
  -6674
    209
   8365
  -2139
 -22164
 -16284
  13051
  25888
   5275
 -20312
 -20885
   -816
  15114
  14960
   4419
  -1377
   2350
   3596
  -3218
  -7906
  -6377
  -5840
  -3326
   8882
  14030
  -2320
 -18652
  -7470
  13891
  10679
  -9858
 -16285
  -8369
  -1783
   7544
  16731
   6796
  -7202
   1642
  10463
  -4335
  -6661
  14626
   8664
 -22478
 -13192
  25448
  17931
 -23698
 -27488
   3398
  16765
   9745
   7722
   8773
   4617
  -2720
 -11811
 -16237
  -4069
  12536
  13235
   -372
 -11896
 -13481
  -4323
   6900
  10060
   6855
   3478
   -787
   1688
  14933
  20232
   4037
  -8530
  -1062
   9407
   8221
   7679
   4052
 -10243
 -17612
  -2148
  11535
   3757
  -8377
  -7732
  -6559
  -8161
  -1961
   8229
   9116
    932
  -7182
  -3008
  12909
  20398
   3306
 -16340
 -17136
 -12152
 -12020
  -2471
  12484
  10141
  -2088
  -1150
   1046
  -9440
  -7418
  16821
  23557
  -3365
 -25440
 -15368
    713
   2261
   1708
   7368
   4848
  -4842
    -36
  14110
   7452
 -10807
  -4264
  17736
  11616
 -12232
  -8444
  18108
  23151
   4163
 -10154
  -8305
  -1994
    -43
  -1542
   3077
  15437
  15199
  -3357
 -10852
   6084
  15650
   -451
 -12840
   2089
  17054
   3951
 -11296
   1928
  14433
  -6701
 -26964
  -7307
  21520
  20554
   3370
  -4834
  -8148
  -6812
   5684
  16086
   5375
 -13304
 -14522
    258
   6676
  -1716
  -7707
  -1484
  10204
  19872
  14939
  -9581
 -23295
   -618
  20998
   4221
 -12447
   8438
  24768
   3261
 -19876
 -18155
 -15392
 -14187
   4386
  18783
   1522
 -17238
  -3378
  18150
   8389
 -15754
 -16036
   9232
  26064
  10558
 -15398
 -13869
  11907
  22937
   8221
  -5483
  -8702
  -7085
   7459
  22644
   4255
 -27534
 -16990
  19516
  14041
 -20200
 -22060
   5271
  16838
  11370
   9419
   1651
  -9681
  -3690
  12171
   4999
 -20702
 -27662
  -8264
   8547
   4084
  -3012
   6396
  19311
   9765
  -9641
  -8697
  11183
  22271
  13432
  -4929
 -18063
 -11256
   5567
   7950
  -2328
   -501
   8014
   3478
  -1364
   4681
   3624
  -4983
   2040
  13551
   3094
  -8229
   6377
  18109
  -3915
 -21483
   1548
  24773
   5267
 -17622
   -455
  20372
   2138
 -20270
  -5383
  15999
   8213
  -3643
   2186
    956
 -16540
 -19597
  -1672
  10647
  12198
  15768
  14644
    206
 -15873
 -19794
  -7169
  12884
  17500
   1596
  -7043
  -1477
  -4559
 -10151
   3282
  12668
  -8554
 -22341
   3482
  29089
  13051
 -20403
 -25377
  -3059
  10967
    865
  -9581
   2419
  18388
   9513
 -16526
 -22371
   4838
  28522
  11226
 -26001
 -30116
   1459
  18620
   1611
 -16560
 -15812
  -6062
   4057
   9125
    955
  -8853
    951
  17361
  10063
 -12858
 -16783
   3275
  15002
    909
 -13576
  -1830
  12619
   -596
 -21984
 -13808
  11905
  23420
  13167
  -7393
 -18704
 -10562
   2873
   8071
  15342
  20506
   1854
 -20205
  -7953
  18252
  16551
  -1714
  -5306
  -2201
  -7043
  -9069
  -6935
  -5075
   3022
  14888
   7494
 -11246
  -5980
  15288
  12690
 -11170
 -15923
    763
   6638
  -1691
  -2286
   7840
  15888
  14100
    972
 -12754
  -9474
   4897
   1424
 -12718
 -11545
  -2229
  -5477
  -5655
   3367
  -5168
 -23717
 -12002
  17718
  17129
  -7764
  -6720
  18046
  19746
  -6709
 -16005
   6016
  20603
   5938
  -7179
   3035
  16347
  11527
  -1683
  -8741
  -7329
    583
   9621
  16134
  19391
  10741
 -11333
 -21927
  -6068
   8909
   -455
  -6067
   8796
  13700
  -9000
 -21310
    400
  22958
  13292
  -7080
  -7751
     25
  -6533
  -9957
   7767
  17326
  -5641
 -22579
   -926
  25379
  16328
  -7865
 -13164
   3404
  23784
  27360
   2308
 -27309
 -22689
   7828
  25043
  15084
  -5211
 -22432
 -21416
   4723
  27686
  18622
  -7155
 -17424
  -6421
   7856
  14511
   9976
    846
  -3173
  -3895
  -7908
  -5177
   8242
  12697
  -6259
 -21471
  -5628
  22375
  26464
   5215
 -10660
  -6675
   2904
   9303
  11132
   3139
 -10875
 -15324
  -7095
    237
   1501
  -1214
  -3297
    362
   6606
   4416
    588
   3919
   2851
  -9885
 -17795
  -5845
  15433
  22494
   2536
 -27126
 -25057
   5147
  13363
 -13329
 -24144
   2119
  25940
  16423
  -8331
 -14666
    978
   8393
  -5238
  -8187
   7695
   5749
 -17414
 -16186
   7764
   9920
 -12983
 -18144
   2662
  17155
   7148
  -6434
  -5245
   2701
   3765
   5370
   8528
   1696
 -12141
 -13268
  -2379
   -702
 -12171
  -9519
   8945
  16169
   -558
  -7735
   5054
   8787
  -5903
 -12770
  -6622
  -1208
   4283
  10423
   4419
  -5736
  -4680
  -6874
 -15209
  -3921
  17348
   8820
 -17835
 -13282
  14803
  26064
  10850
 -11397
 -17777
  -1369
  13644
   6183
  -5971
  -1932
   3188
  -1470
  -4142
  -6709
 -13176
 -11437
   5295
  17520
   8723
  -8506
 -12883
   -161
  14277
  16946
   7025
 -11492
 -23617
  -7382
  20993
  18767
 -14321
 -32983
 -16845
   6348
  18659
  16561
  -2538
 -20843
 -10245
  14533
   8964
 -16200
 -13025
  10902
  12816
  -4162
 -11878
 -13464
 -15175
  -1870
  21675
  22644
  -2017
 -22389
 -16734
   6434
  22363
  18186
   1541
  -6397
   1267
   9644
  -2718
 -23429
 -15967
  12606
  11321
 -17313
 -14831
  18839
  20531
 -12550
 -23826
  -6551
   -686
  -6017
   1842
  13854
   6143
 -11233
 -10528
   9423
  15837
  -6640
 -24722
  -4982
  21719
  12960
 -16896
 -20900
   3532
  19306
   5625
 -14619
 -11625
   9036
  12127
 -11432
 -26424
  -4262
  30857
  27681
 -11682
 -25939
   7127
  28838
   3083
 -20951
  -7659
   8990
   7101
   2723
  -2330
 -10569
  -7471
   1620
    744
   1281
   9382
   4029
  -5849
   4262
  13042
  -2162
 -11603
   4423
   9750
 -12966
 -24288
  -2698
  21899
  17848
   -573
  -9350
  -5149
    476
   2026
  -2470
  -1641
  11275
  13967
  -6098
 -17503
   5189
  24399
   8276
 -16622
 -14680
   5028
  11112
   3047
  -1509
   7499
  14188
   4979
  -8472
  -6545
   5766
   8048
  -2850
  -9553
  -6478
  -7237
  -8599
   4313
  20525
   9732
 -19391
 -27273
  -7126
  14023
  18595
  10404
  -3405
 -11513
   2081
  20570
   8677
 -20286
 -16608
  11494
  11386
  -9069
   2820
  31829
  19265
 -24528
 -30716
   8964
  33370
  14768
  -7659
  -4221
   2282
 -13925
 -28660
  -7955
  23417
  17304
 -14103
 -13046
  18023
  21922
 -11806
 -26800
  -3182
  16039
   3349
  -9853
  -1235
   8716
   1348
 -12040
 -13282
  -2332
  11147
  10455
 -11316
 -26305
  -7925
  22774
  18782
 -12963
 -19625
  10903
  27946
   3624
 -25666
 -19726
    687
   1444
  -3727
   7326
  15837
  -2277
 -20724
 -12653
   7758
  15036
   3732
  -9513
  -2430
  16912
  11656
 -13997
 -11131
  19417
  21001
 -13250
 -32302
 -14290
  13076
  24593
  13066
 -11667
 -24097
  -8122
  17365
  21603
   1965
 -15071
 -11543
   1587
   4244
  -2052
  -4873
   -105
   4642
    714
  -6109
   4243
  22892
  13043
 -20059
 -23105
   5514
  15087
  -3647
 -15445
 -15584
 -18595
 -12482
   5897
  12633
   3938
   2306
  10596
  11761
   8847
   9706
   9617
   3588
  -4375
 -10259
  -9243
   2523
  15945
  16613
   1439
  -9157
  -3386
   3595
  -4777
  -9826
   3573
  15197
   9759
   1628
   1687
   -783
  -4249
   3671
  18408
  19097
   3213
 -11823
 -13961
  -2705
  11324
  12392
  -4316
 -14534
  -2083
  12337
   8800
  -4781
 -12590
  -8097
   8686
  16570
  -3018
 -28202
 -19446
  12893
  27288
  13915
   -339
  -3000
  -6666
 -12957
  -8500
   6577
  11956
  -2432
 -19783
 -18186
   2596
  15241
   7866
    273
   6423
   3651
 -14130
 -16786
   4314
  10058
  -8286
 -12509
   5269
   6499
  -8327
  -2423
  18631
  16874
  -5780
 -14961
   -120
  14805
  11607
  -4614
  -9689
   1684
  13362
  10413
   -853
 -10694
 -10404
   3370
  22294
  20301
  -8848
 -29637
  -9543
  24697
  21910
  -5576
  -6759
  16276
  15716
  -8699
  -8922
  17985
  21466
 -13767
 -36750
 -13255
  21918
  23153
  -2231
 -20866
 -16395
   5571
  24085
  15145
  -9849
 -17509
  -3518
   4725
   -276
  -4649
    -25
   4176
   4348
   7547
  12317
   -371
 -22127
 -14458
  16282
  13579
 -19222
 -13998
  27611
  25417
 -23662
 -32990
  16716
  42815
   7180
 -30225
 -19738
   8721
  14112
   1871
  -5320
  -2181
   9626
  18528
   5594
 -20911
 -21149
  13489
  35580
  13351
 -26485
 -34072
  -4505
  23572
  16574
 -12737
 -24160
  -3756
  19310
  15353
  -7609
 -17789
  -7316
   -654
 -11354
 -16761
    488
  14887
   3136
 -12166
  -8744
  -3862
 -13656
 -14418
   5578
  21187
  11643
  -5973
  -9849
   3677
  15400
   9892
  -6941
  -9366
   1565
   6961
   4596
   6999
   9194
  -1212
 -13290
  -8843
   6529
   7673
 -12136
 -22572
  -2216
  22123
  11905
 -15830
 -18781
   1009
  10595
   1461
  -5597
   1701
  12640
  11346
   3725
  -1833
 -10360
 -17103
  -7454
   4885
   2836
   2413
  14585
  15060
     41
  -2587
   7641
   2114
 -11669
  -9857
   2749
   2631
  -8971
 -13117
  -2693
   5413
   1854
   1224
   4105
  -7414
 -23106
 -10143
  16434
  11760
 -12629
 -12887
   6954
   9652
  -2221
  -1968
   9516
  13300
   4402
  -8609
 -12489
  -1063
  12258
   9194
  -6296
 -13655
  -9346
  -3758
   3913
  13290
  11514
 -10536
 -26279
 -10754
  14571
  14083
  -5763
 -13409
    258
  13792
   5947
 -14790
 -20786
  -6599
   1971
  -8022
 -12938
  -2398
   2157
  -8138
  -8773
   9381
  20264
  10359
   -538
    940
   5258
    762
  -3465
  -3846
  -5820
  -6851
   -172
   3702
  -3138
  -4735
   4543
   6463
  -5359
  -6844
  10520
  20333
   4967
 -11322
  -4280
  10431
   6661
  -8196
 -11590
  -5739
  -2565
  -4404
  -5076
   -851
   6460
   8002
  -1161
 -11147
 -14190
 -13759
  -7412
   5229
  13718
  10354
    882
  -9821
 -14306
    806
  23570
  17179
 -13873
 -24606
  -5598
   9196
   8855
   -452
 -14243
 -14361
  14089
  29639
    751
 -27128
  -7459
  23943
  20592
  -1527
 -10602
  -7010
   4604
  16880
  13285
  -3047
  -8455
  -3941
  -9771
 -20928
 -13954
   8361
  21971
  13193
  -4010
 -10293
   2052
  19752
  20367
  -1867
 -19591
 -11319
   5252
   3632
  -5341
  -3059
   1848
  -2660
  -6888
  -1977
   6598
   8716
   2279
  -4169
   2246
  11594
   1687
 -17901
 -13793
   9899
  17637
   1995
 -11531
 -14471
  -9969
  -2517
    331
  -4146
  -6668
  -4803
  -3601
   2428
   9641
    371
 -12509
   1141
  21105
   6007
 -20888
 -15720
  -1710
 -11970
 -14253
   8688
  11938
 -17101
 -19435
  14056
  21519
  -4826
  -6175
  21308
  23018
  -3328
 -11982
   2427
   9491
   5972
   1883
  -4264
  -6899
   3056
   7986
  -5235
 -12187
   2133
   5940
 -16820
 -28689
  -3970
  15727
   -101
 -14210
   1719
  14704
    230
 -12611
   1670
  17520
   9147
 -12857
 -20197
  -6263
   8739
   8346
  -1196
  -1924
   6328
   4011
  -8512
 -10840
   2773
  11759
   1774
 -15345
 -22116
 -12828
   3859
  11980
   6504
  -8890
 -22362
 -13348
  11529
  16290
  -4026
  -8532
   4485
  -3998
 -19492
  -3901
  15242
  -2064
 -18959
    118
  12776
  -8939
 -19455
   5387
  18416
  -6270
 -24403
  -2910
  17894
   2481
 -19020
  -6792
  15026
   4077
 -24007
 -20842
  15810
  31370
   -611
 -29460
  -8610
  25237
  16143
 -11744
 -10258
   5678
   1290
 -12872
 -16846
 -11858
   1751
  22019
  18416
 -13498
 -24395
  10729
  36626
  10072
 -25221
 -19786
   5713
  14496
   5204
  -7652
 -12397
   -222
  13527
   1801
 -22862
 -22414
   5436
  22344
   7974
 -10487
  -3167
  19011
  23696
   5051
  -9926
  -5634
   5339
   7593
   3622
   3090
    354
 -11138
 -15285
   3013
  18046
    630
 -21085
 -10047
  10581
   4797
  -7411
  -3143
  -1868
 -13942
 -10494
   8261
   4754
 -17805
 -17950
   7149
  12186
  -8533
 -14659
   3877
  10103
  -5236
  -9467
   1928
  -1379
 -11414
   4583
  23317
   4314
 -26102
 -16121
  18378
  23456
  -4498
 -25103
 -11931
  10354
   8850
  -4214
  -3231
   1770
  -4231
  -2973
  10185
   9003
  -5579
    339
  19708
  10365
 -20213
 -16803
  18563
  19856
 -14584
 -18066
  13390
  15152
 -15474
 -20976
   1743
  11458
   1483
 -13027
 -19581
  -2703
  22217
  11616
 -19971
 -11307
  23318
  19621
  -9275
  -9562
   7274
   7411
   4842
  12413
  11730
    392
  -6862
 -14065
 -19390
  -6183
  16181
  12838
  -7462
  -4467
  13854
  10118
  -8513
  -6546
   3207
  -7218
 -17916
  -2079
  13476
  -4708
 -26867
 -11067
  20876
  17295
 -14321
 -28342
  -9990
  10802
  14731
   5847
  -7079
 -17661
 -11107
  10780
  19452
  -1052
 -15179
   1912
  20804
  10194
  -8169
  -8079
   4998
  11461
   3463
 -18722
 -27438
  -2389
  23880
   7154
 -22762
  -9651
  29965
  28637
 -15033
 -36098
  -5756
  25430
  13341
 -15922
 -16603
   9815
  25393
   9998
 -12997
 -11394
   9994
  20004
   9396
  -1863
  -2353
   6712
  13833
   6712
 -11904
 -17510
    259
  20099
  17127
  -5702
 -19256
  -2126
  19762
   8736
 -19151
 -15344
  17373
  31141
   4778
 -24238
 -20301
   7968
  15963
 -10398
 -33680
 -16211
  16993
  16361
  -9917
  -9626
  15156
  14857
 -13140
 -21851
  -6477
  -1471
 -10604
  -6037
  11286
  18556
   3351
 -19197
 -21540
   5106
  27003
  10684
 -19459
 -16981
   7558
  12932
  -4683
 -16401
  -8065
  12090
  20823
   2930
 -19551
  -9595
  16053
   9893
 -20332
 -23673
   2764
  12773
    588
    396
  12189
   9991
  -3074
  -8330
  -7968
  -5426
    615
   -225
 -12528
 -15378
  -2472
   4116
  -3889
 -12720
 -14580
  -6583
  12302
  21141
  -3783
 -31952
 -14473
  26177
  24931
 -14038
 -27795
  -3487
  15415
  15106
   9128
  -3000
 -17657
 -12193
  10813
  21469
  12596
   3505
   1625
   3828
   5928
    399
 -10082
 -10860
    370
   1147
 -12249
 -17282
  -6772
  -1116
    259
  12922
  22383
   8338
  -9483
  -6083
   2323
    339
   5748
  19074
   6637
 -26394
 -25030
  14816
  27842
  -8380
 -35851
 -19704
  11031
  22245
  11478
 -12087
 -29907
 -20432
   6604
  20639
  12092
     80
  -4004
  -6340
  -6750
  -3129
  -2658
  -4745
   1497
   9422
   -960
 -14366
  -4296
  14782
   9770
  -9777
 -12334
   3725
  12830
   7532
  -2394
  -4654
   2341
   8433
   8113
   2852
  -2826
  -5315
   -870
   5568
  -3714
 -19449
 -14085
  10372
  13329
 -10036
 -17558
  -1748
   2534
  -5907
   1837
  13106
   2582
 -10680
  -2163
   5936
  -1192
   -907
  11297
   8989
  -9991
 -13676
   1883
   8761
  -2037
 -13306
 -10353
    678
   6425
    745
   -477
  16299
  28089
   4710
 -25155
 -15698
  15944
  18525
  -7827
 -18023
  -1319
  16111
  13263
  -3439
 -16894
 -17100
  -5782
   7006
  11720
  10014
   8018
   6723
   1067
  -6025
   -921
  11414
  13254
   1929
  -9977
 -13176
 -10023
   1429
  14335
   9779
  -8451
  -8543
  10936
  13232
  -5328
  -5749
  11658
  12097
    742
   1469
   6293
   1902
  -1907
    611
  -6753
 -17753
 -11552
   9516
  17378
   3648
  -7694
  -8497
 -10692
  -5337
  17019
  26276
  -1969
 -31872
 -15890
  21490
  27638
   3458
 -12726
  -7960
  -2050
    514
   4038
  -1246
 -13891
 -12147
  10116
  23003
   9803
  -8202
  -8652
  -3299
  -7714
 -13520
  -1969
  14566
   9620
 -13895
 -22647
   2000
  26529
  14627
 -14667
 -17387
   3163
  11561
   3649
  -2186
  -6344
 -13060
  -6780
  12207
  17667
   3899
  -1217
   6532
   2467
  -8796
  -1126
  13252
   3360
 -12262
  -1774
  14689
   9877
   2193
    389
 -15799
 -30528
  -7769
  27722
  20353
 -14763
 -21826
   1725
  17868
   9072
 -11021
 -13333
  10114
  21559
  -4062
 -25810
  -3520
  22315
   8723
 -12775
  -2263
  16876
   9479
  -8321
  -9813
  -2716
  -5229
 -13921
  -7892
   9472
   5212
 -18746
 -14755
  20444
  27007
  -5473
 -13347
  13176
  18056
  -4497
  -8461
   9187
   7743
 -14098
 -20206
   -566
  10917
  -5260
 -16978
   -427
  12228
   -997
 -13715
  -9142
  -2584
   2805
   8719
   5660
   -997
    910
   -883
 -10446
  -5045
  10288
   4234
 -12235
  -7064
   1003
 -14233
 -18918
   6947
  15920
 -13098
 -24479
   4061
  16663
  -7326
 -17667
   7730
  22733
    413
 -20550
  -8199
   8684
   3767
    -77
  11867
   8346
 -15156
 -15821
  12028
  21575
  -6626
 -34897
 -24938
  15404
  41700
  17117
 -28309
 -32376
   5143
  23472
   1006
 -20505
 -13315
    -76
   3857
   7472
  11226
   1305
 -18363
 -23279
  -3779
  18793
  12242
 -19502
 -31486
  -1623
  26769
  13078
 -13430
 -10710
   3056
    478
    722
  17216
  19631
  -4347
 -25567
 -19777
   1911
  20790
  16420
  -9383
 -25736
  -8379
  14626
   9734
 -11786
 -12615
  10141
  21053
    788
 -17954
  -8833
   2667
  -9218
 -15890
    184
  11973
   5507
    497
  -4863
 -15043
  -9677
  12199
  17286
   3399
  -7155
  -9313
  -2323
  12311
  12733
 -10202
 -20843
  -2366
  11892
   3789
  -5251
  -4208
  -2581
   1132
  10554
  14587
   6322
   -432
    769
    579
 -10948
 -17955
  -4154
  17487
  15518
  -9155
 -17833
   1684
  10687
  -4929
  -8582
  10960
  11125
 -16455
 -19914
  14846
  30194
  -2908
 -36014
 -20596
  14751
  18784
  -6310
 -14769
  -1078
   1932
 -14883
 -22845
  -9729
  11335
  21630
  10458
  -7592
  -3712
  19192
  17628
 -11810
 -20607
   3655
  21363
  11087
  -4604
  -7168
  -1822
   1116
   2827
   6644
   6660
  -5559
 -12058
   2917
  17791
   3510
 -21299
 -16812
   8434
  11505
  -8533
 -12647
  13389
  29118
   5737
 -24407
 -17742
  10730
  14497
  -8411
 -22046
  -9479
  17312
  29917
   8714
 -26101
 -27804
   5317
  22267
   5875
  -9712
 -10388
  -9910
  -3787
  13161
  15618
  -8397
 -20446
   3833
  30061
  14286
 -25817
 -36421
  -3555
  28298
  22626
   -603
  -4305
   2470
  -3322
 -11306
  -1901
   9697
   2792
  -9518
  -2534
  13068
  12433
  -3532
 -12949
  -8348
   4252
  14894
  12508
  -2553
 -11676
  -8389
  -6446
  -7783
   2710
  11685
   1174
 -12428
  -2605
  14442
  11864
  -7071
 -17231
  -5136
  12817
   6182
 -17197
 -16518
  10342
  18855
   3041
  -4986
    221
    181
   2051
   6640
  -3347
 -19159
 -10238
  13587
  12606
  -9414
 -13603
   6423
  20546
  11097
 -10240
 -17084
   4700
  26430
  13753
 -14771
 -12760
   4526
    -17
  -7611
   4498
   5637
 -16128
 -13424
  17935
  17518
 -19390
 -26151
  13475
  38979
  13506
 -24566
 -24388
  12171
  34287
   8632
 -27483
 -20903
  15775
  27426
   6115
  -8383
  -5105
  -2909
  -5765
  -1890
   9914
  15615
   6523
  -9305
 -15321
  -8154
  -2529
   1174
   6613
   7791
   -252
  -7538
  -7473
  -5741
  -1455
   6430
   4410
  -8978
 -14842
  -4154
   8479
  14245
  15132
   5683
 -11868
 -14089
   2605
  12157
   1471
  -5359
   1628
   1643
  -8636
  -6079
   4127
  -2191
 -11819
   3738
  20548
   6083
 -14671
  -9046
   3469
   1366
   -121
   8480
   8448
  -4922
 -12804
  -8479
    656
   9059
   7672
  -4459
 -12119
   2004
  16280
   6493
  -8987
    892
  12912
  -6417
 -26754
  -8270
  15176
   3586
 -15909
  -9008
   2268
   -824
   3448
  19964
  14557
 -13493
 -24335
  -4192
   7126
  -3801
  -5032
  14218
  15487
 -13276
 -29857
  -8254
  15526
   6908
 -16227
 -14564
   6438
  11224
  -4667
 -11578
   1488
  16207
  15143
  -6408
 -30494
 -20528
  23154
  40298
   2745
 -33028
 -15990
  14790
   6242
 -21171
 -17137
  15398
  31477
  11337
 -16316
 -14947
  11763
  26259
  12856
  -3178
  -2841
  -4348
 -12719
  -6752
  12291
   9864
 -12754
 -22284
  -5486
  15829
  19729
   5016
  -7269
  -2594
  10386
  10152
  -8403
 -25466
 -16230
  15213
  29078
   2613
 -24871
  -9268
  28664
  32097
  -4534
 -30602
 -17797
   8286
  15528
   6992
  -3293
 -10676
  -8691
   2573
  10688
  10298
   4857
  -3289
 -11027
 -10202
  -4846
   1299
  12059
  16212
  -3283
 -20311
  -1553
  24911
  14684
 -10306
 -11994
  -2863
  -2206
   -162
  11080
  11768
  -5148
 -19214
 -15261
  -2162
   3313
  -2066
  -9560
  -9841
    383
   7979
   3607
  -4131
  -7276
  -6881
  -1191
   5200
   5186
   4360
   7866
  -4627
 -26698
 -16318
  19852
  22630
  -8966
 -11660
  16668
  20493
   -424
   -479
  12925
   4983
 -12261
 -11703
  -3535
  -1454
   5257
  18020
  16954
    780
 -11121
 -10276
  -6379
  -1331
   8801
  19671
  14947
  -5862
 -22954
 -13034
  16040
  31484
  16277
  -7682
 -13879
  -8478
  -7795
  -2967
  11565
  13811
  -4063
  -9500
   3161
   1538
 -15957
  -8670
  18303
  13708
 -20809
 -23910
  14341
  31310
   4960
 -12817
   2307
  14745
   8648
     34
  -8257
 -14908
  -4906
  13347
  12312
  -3648
  -8321
  -3753
  -7268
 -10884
  -1315
   5317
  -3043
  -4908
  11527
  17469
    437
  -4582
  13627
  14712
  -9212
 -16937
   -406
   4003
  -5344
   -385
  14766
  13834
   1813
   1671
   5901
  -4467
 -14838
  -2850
  11291
    608
 -15843
  -9348
   5888
   3653
  -1069
  14405
  29850
   8233
 -28828
 -22556
  17406
  22037
 -10944
 -16920
  10181
  15950
   1202
   6662
  18319
   -476
 -22571
  -5893
  23168
  18827
  -8251
 -21193
 -14095
    256
  12412
  14700
   7602
   3631
   2470
  -5350
 -15257
 -15118
  -3834
  10283
  14807
   2743
 -10299
   -620
  15414
   5636
 -14083
  -5227
  14046
   3571
 -14863
   -168
  25010
  13541
 -19064
 -21830
   6157
  22597
  12331
  -2334
  -5679
    645
   7499
   4699
  -2385
   4579
  20226
  15180
  -7683
 -18410
 -11828
   -641
  11616
  11432
 -10293
 -25745
  -7894
  16742
  16120
   1910
  -6810
  -9295
  -2982
  13474
  16567
  -1042
  -8523
   1455
   -532
  -9608
   1621
  11568
  -6715
 -14884
  11391
  19281
 -16260
 -34876
  -2964
  30947
  24434
     -1
  -8920
  -4044
     20
   3481
   8127
   3238
  -8123
  -5027
  11173
  14727
   4170
   -556
   4320
   6846
   7379
  11211
  13409
   8396
  -1399
  -6540
   1988
   9656
   -509
 -16513
 -10506
   6320
   3434
 -12416
  -8703
  12758
  20376
   6361
  -9127
 -13733
  -7811
   7106
  15273
   3443
  -8370
    409
   6454
 -10669
 -16115
  11655
  25188
  -8192
 -35943
 -10800
  23685
   8739
 -26716
 -19240
  15262
  19007
  -6614
 -10076
   9919
  11994
  -7513
 -14545
  -3692
   3130
   4298
  12361
  15519
  -2716
 -19488
  -8088
  13518
  11699
  -5103
  -9334
  -2851
   1862
   5935
   4760
  -7987
 -13261
   4739
  17011
    124
 -21539
 -18996
   -990
   7067
  -2970
 -13214
  -3835
   9802
   1195
 -13964
  -3060
  16154
   6910
 -15017
 -16265
   1829
  16209
  15284
  -2636
 -12488
   4402
  19011
   -733
 -23081
  -4195
  27455
  18815
 -22120
 -36782
  -3020
  30352
  16576
 -17202
 -18359
   3155
  11685
  10467
  13158
   1900
 -19102
 -16143
  10141
  20955
   5579
 -12021
 -15318
  -2945
  13189
   8905
 -13909
 -19345
   2730
  16498
   5451
  -2978
    -18
  -6114
 -15265
  -6040
  14373
  22344
  14491
   -145
 -11597
  -7847
   2408
    161
  -5626
   8472
  23892
   5095
 -27296
 -17826
  25236
  33749
  -2913
 -17170
  12995
  23564
  -8684
 -28213
  -6639
  15063
   6401
 -16109
 -21158
   2790
  23052
   7949
 -12911
   3876
  22130
  -3770
 -28782
  -3728
  23215
    543
 -27813
 -11491
  14778
   9258
  -8261
 -10759
  -5904
  -3982
  -1731
   3361
   3559
  -8619
 -24849
 -13382
  20366
  25814
  -5262
 -15032
   9020
  14938
  -1781
   -385
   8399
  -4417
 -17246
  -3604
   8799
  -5303
 -23263
  -8854
  23642
  25802
 -11667
 -29074
   2980
  32905
  16547
 -10467
  -8890
  -1017
  -8507
  -8677
   9053
  16150
  -2299
 -19412
 -11357
  15474
  28332
   9915
 -14948
  -4213
  20813
  11241
 -14755
  -8785
   5648
  -5115
 -10607
   8498
   7920
 -16341
 -13929
   9557
   5558
 -12744
  -2866
  19439
  15171
  -6554
 -21555
 -18740
   5454
  28094
  12257
 -21129
 -16888
  16845
  20503
  -5298
 -17992
 -10632
  -6309
  -9896
  -9594
    561
  10385
   7544
    906
   2191
  -4242
 -20029
 -14133
  12070
  10870
 -11582
  -6380
  15799
   7457
 -14841
 -11101
   -492
  -4946
  -2924
  12719
  10767
  -9526
 -18049
 -10147
  -3482
   -960
   3253
   5768
    576
 -14075
 -21670
  -5941
  13286
   6476
 -13368
  -8809
   9689
  13237
    667
  -7388
  -3679
   4787
   5905
  -4766
 -10647
   2801
  19459
  12094
 -13560
 -23958
  -8741
   7096
   9484
  10051
   5715
  -6223
  -8510
   4375
   3423
 -12505
  -8093
  13305
  12031
 -12386
 -18154
   7442
  25474
   6515
 -18766
  -7352
  17420
   4755
 -24548
 -18565
  11609
  24857
  20141
  10840
  -5262
 -14016
    234
  15832
   6662
 -12499
 -19084
 -12437
  -2307
   4168
   2787
   -388
   7560
  16731
  11706
  -4375
 -13770
 -11037
  -2438
   7836
  11492
  -1969
 -18140
  -7099
  19167
  17654
  -6713
  -7291
  11377
   5946
 -12774
  -8309
  11464
  11433
  -5311
 -18475
 -16030
    502
  16000
  15177
   4386
  -5368
  -6752
   3833
  10746
  -7516
 -25061
  -3481
  26424
  14383
  -6302
   3963
   8321
 -19357
 -20418
  17289
  24226
 -11586
 -21641
   2106
   7796
  -3987
    -50
    717
 -18799
 -22584
   8554
  29722
  13231
  -8592
  -7135
    437
    691
   3473
  11618
   8486
  -1968
  -1415
    186
 -10797
 -11178
  11683
  21996
  -4367
 -27118
 -13731
  15370
  25214
   9762
 -12444
 -14000
   9149
  23132
   2067
 -24901
 -16138
  15588
  21912
  -8946
 -34147
 -17406
  15301
  17946
  -5463
 -11724
   1490
  -3615
 -23210
 -11598
  23926
  25758
 -10168
 -23362
   3224
  21277
   3833
 -21558
 -22490
  -4083
  10171
   9659
   -369
 -12305
 -13239
   -316
   8532
  -5062
 -18333
  -3626
  18916
  13307
  -8530
  -6785
  10790
   3412
 -21865
 -17027
  15826
  22151
  -1503
 -10114
   2139
   -473
 -13267
 -10821
   -568
   -923
   2997
  17813
  14739
  -9188
 -13859
  10083
  17638
  -5669
 -20232
  -1017
  18691
   7262
 -17183
 -22932
  -9291
   2441
   3119
  -2521
  -3597
   2469
   3714
  -1954
   -853
   8144
  10808
  12444
  18533
  11005
 -12230
 -12698
  14067
  19240
  -9220
 -21242
    137
  12052
  -3282
 -12726
     93
  10461
   3127
  -9497
 -15385
  -7047
   8804
   6431
 -18667
 -21771
  13462
  33957
  10596
  -9210
   7354
  21484
   1338
 -15633
   3413
  22729
   2942
 -28940
 -25353
   4109
  17161
   6662
  -4015
  -6769
  -8893
  -4769
   9545
  16569
   2689
 -17459
 -20925
  -7115
   6147
   5303
  -8456
 -16747
  -5951
  11235
  10787
  -2641
  -5837
   1979
   1024
  -5113
  -3006
   1361
  -1193
  -1490
   4807
   6381
  -1405
  -9690
  -5840
  14387
  24839
   -334
 -29340
  -9633
  28829
  17977
 -24568
 -22948
  18359
  33740
   6872
 -20347
 -17990
   7419
  28720
  17883
 -17081
 -29043
   2991
  34836
  17895
 -28077
 -40038
   1869
  40298
  20960
 -26742
 -31754
   5064
  22738
   1297
 -17394
  -7327
  10267
  11646
    107
  -4694
   7291
  17194
   6154
  -5336
   2958
   3621
 -17791
 -17194
  16970
  26433
  -5417
 -19397
   6400
  17972
  -7447
 -19875
  10266
  37664
  16227
 -26209
 -34400
  -2689
  27636
  20539
 -16054
 -34239
  -7423
  20587
   3394
 -23365
  -6451
  23107
   9727
 -28990
 -29951
  11915
  38003
  12427
 -22206
 -12902
  16624
  11865
  -9471
  -7116
   5413
  -2446
 -10636
   -536
  11356
  10745
   4193
  -7358
 -12780
   5811
  32800
  25190
 -16437
 -35341
  -5979
  25923
  17139
 -15203
 -26383
  -9469
   7146
  -2137
 -20919
 -10929
  20442
  16264
 -24763
 -30204
  17106
  39809
   1551
 -27107
  -4971
  13961
  -7639
 -23266
  -2791
  16224
   5122
 -10886
 -13201
 -10675
  -7967
  -1413
   -725
 -10880
 -14036
   -445
  12438
  13420
   9637
   4483
  -5902
  -6544
   6806
  11505
  -4750
 -15573
  -7747
   3280
   3922
    885
  -4365
 -10458
  -9576
  -3647
  -1365
  -4468
  -3976
   4585
  14732
  13900
    410
  -7142
   -309
   2004
  -9620
  -8934
  16542
  32055
   6391
 -28131
 -23017
   8699
  22243
   8417
   -776
   6247
  14256
  10545
   -554
 -11301
 -16789
 -12118
   1329
   9739
   -256
 -17648
 -18342
   2460
  19407
   6797
 -18268
 -16021
  15044
  27599
   4862
 -15587
 -11867
  -3818
   3430
  17844
  18063
  -7742
 -20364
   5771
  26478
   6088
 -22555
 -17064
   4757
   7064
   -794
   -179
   1964
    275
   1819
  -5176
 -20422
 -13685
  12241
  16931
  -1380
 -12999
  -9733
   2616
  17080
  12713
  -7436
  -5694
  12879
   8626
  -4096
   6763
  14531
 -10308
 -25605
  -4090
  15555
   3258
 -11427
  -7599
  -1710
  -5200
  -4390
   3025
   2938
  -4993
  -5184
   4615
   9427
   2565
  -6245
  -2730
  13991
  23644
   9709
  -9849
  -4262
  12645
  10552
  -7025
 -14717
 -10405
  -2775
   6794
   5187
 -13637
 -18399
   9610
  33890
  14017
 -22022
 -23587
   5537
  24391
  15627
  -1016
  -7718
  -6099
   1584
   6263
   -698
 -12763
  -4573
  18108
  16560
 -12433
 -19653
   5050
  18639
   2145
  -6735
    576
  -2537
 -11151
  -2957
   8663
    471
  -8347
    -12
   5436
  -5402
 -18086
 -14874
    233
  13130
  11744
     71
  -6928
  -7533
 -10603
  -7534
   5627
   7987
  -6647
  -9301
   7247
  11618
   3651
   2563
   1559
  -8242
  -5051
  11320
   5990
 -16221
  -9108
  18950
  13909
 -15046
  -9941
  23392
  20659
 -14264
 -15687
  18531
  22316
 -15281
 -24498
  12838
  26622
 -12511
 -33773
   7227
  42631
  11265
 -34129
 -20175
  24064
  29847
    808
 -10070
   2247
   5129
  -4155
  -4613
   1652
    430
  -5222
  -4871
   -718
   3552
   2500
  -3842
  -8143
  -3216
   1912
   -963
  -4131
   1577
   7198
  -1855
 -10629
   2913
  17792
   3387
 -11865
   6079
  22387
   2390
 -17706
  -3483
  15827
  11282
  -7471
 -21620
 -13792
  16041
  27970
  -3575
 -25139
   4569
  28256
  -3930
 -31295
     14
  31863
   6457
 -25112
  -8354
  16378
   1915
 -21882
 -15343
   5723
  16034
  12901
  -1325
 -15568
  -6999
  13282
   8061
 -12794
  -8224
   7098
  -1147
 -16436
  -5436
  17575
  20833
    738
 -17671
  -9070
  12962
  10436
 -12351
 -13868
   6675
   9380
 -10209
 -20370
 -10553
   1511
   8332
  12848
  13147
   3792
 -10874
 -16833
  -7435
  10551
  17339
   3282
 -14131
  -5397
  15365
   8424
 -16375
 -11042
  11350
  -1760
 -28920
  -9357
  31594
  21480
 -25541
 -27462
  16084
  26281
  -9990
 -18164
  15317
  20795
 -14264
 -22497
   5456
  13481
  -2543
   2910
  19294
   5636
 -25625
 -27494
   2280
  25370
  18140
  -6269
 -16731
   -416
  17830
  10410
 -13982
 -19409
   2825
  27826
  28209
   2297
 -23450
 -22392
    651
  17859
   7854
 -15928
 -20302
    407
  16538
  10086
  -3572
 -14460
 -24469
 -17228
  11225
  24162
  -1728
 -28746
 -19037
   3422
   8272
   5039
   6077
   2258
  -6089
  -4325
   1699
   2823
   8693
  15781
   4859
 -12327
  -6448
  14259
  16421
   1215
  -7668
  -3743
   2786
     34
  -8848
  -9072
   4779
  14812
   5684
 -12702
 -22618
 -14120
   5987
  13850
  -1049
 -13606
   -808
  15671
   4171
 -16526
 -16055
  -2197
  -1054
 -13896
 -16357
    566
  18548
   9940
 -12658
 -12357
   8258
   8545
  -6642
   -517
  17829
   8126
 -19747
 -24479
  -4698
  12157
  12037
   1315
  -6988
  -2123
  12469
  16716
   3151
  -9529
   1898
  20853
  11998
 -23730
 -36105
  -3942
  28386
  19396
 -12837
 -24842
  -7061
  16032
  21401
   9832
  -1881
  -3615
  -2489
  -3565
  -3087
   -918
    453
   3106
  12603
  17392
   1016
 -26208
 -30084
   1996
  27995
  12233
 -15971
 -13091
   5671
   4322
  -3024
   9883
  18993
   2395
  -9299
   1578
   -951
 -20490
 -10282
  22091
  19324
  -9061
 -10329
   5680
  -1555
 -18799
  -9943
  17006
  27033
   4766
 -23078
 -14379
  19737
  23712
  -8220
 -19735
   3770
  13395
  -7269
 -13434
   6621
  16816
   1885
 -13104
 -10407
   3262
  12200
   7206
    756
   6332
   7867
  -6664
 -13802
  -2391
   1732
  -5612
   2942
  18014
   5686
 -17995
 -11579
  17359
  28456
  12197
  -8914
 -17675
 -13055
   -892
   6101
   2431
  -1820
   -232
  -1770
  -3033
   2034
   2978
  -7209
  -9483
   1503
   4012
  -5195
  -4186
   7968
   6343
 -13393
 -18663
   9747
  35504
  13438
 -25513
 -19351
  20502
  28054
    835
 -10790
   4007
  13813
   8665
  -2498
 -15235
 -18137
    901
  23105
  17281
  -9651
 -22048
  -6325
   8239
  -1797
 -18090
 -13409
   3222
   6567
   -479
   -598
  -2031
  -9087
  -6610
   5876
   7539
   1147
   3128
   5619
  -3654
  -9248
    587
   6443
  -8518
 -21514
  -8134
  13334
   6451
 -22057
 -28762
   4781
  39854
  30622
 -12366
 -27484
   9334
  39844
  13073
 -30258
 -27053
   9329
  22756
   7289
  -2086
   6793
  11131
    275
 -12130
  -8607
   1689
   1664
  -6081
  -1766
  12141
  13564
   1306
  -5285
  -1964
   2410
   1035
  -5757
  -9960
    314
  12913
   9453
  -5011
 -13558
 -15858
 -12619
   1213
  15774
  14831
   1975
 -11500
 -16699
  -4955
  14070
  12520
  -3928
  -1353
   8879
  -1379
  -8143
  11913
  18276
 -11653
 -29417
  -8127
  12457
   9570
  -2262
 -10877
  -9237
   4877
  10861
   2287
   1969
  12839
   3710
 -18632
 -17424
   2847
   2530
 -12965
  -5069
  19051
  18361
  -6409
 -16136
  -1038
  14890
  17116
  11149
   5183
  -3219
 -11639
 -11459
   3780
  20207
  15927
  -4619
 -14935
  -5888
   7605
  12869
   6122
  -5440
  -4301
  17201
  26841
  -1205
 -31694
 -17168
  16615
  15140
  -8920
 -10626
   7365
  14534
   5949
  -7444
 -13543
  -2773
  16712
  19619
    189
 -15300
  -7427
   8265
  10064
   2499
    737
   3574
   5285
   8684
  11449
   6177
  -1850
  -2012
   7944
  14085
   4646
  -9672
  -4933
  12203
  13590
  -3236
 -10120
  -2873
  -3075
 -11659
  -3335
  14795
  13062
  -4533
  -7301
    226
   2026
   7087
  17196
   9908
 -10165
 -15728
  -2818
   8437
  11399
   9258
   4918
    704
  -3672
  -5640
    664
   4935
  -3834
 -10430
   3842
  20281
  17769
   4529
  -1511
   1445
   8527
  14595
  13795
   1030
 -18389
 -17008
   9218
  19227
  -7777
 -22501
   6302
  26449
    424
 -25658
  -8313
  18923
  12378
  -7448
  -6660
   2165
  -5111
 -12496
  -1344
  15597
  18108
   8327
  -7834
 -13115
   5306
  21771
   4158
 -22473
 -11517
  15437
  10590
 -11825
  -9442
   5699
  -4111
 -24103
 -14624
  13489
  18581
   2947
  -1275
   2281
  -7445
 -15753
  -4787
   6869
   6746
   3302
  -3182
 -12089
  -3012
  12417
   2619
 -16502
  -4073
  16058
   2372
 -17650
   -786
  23350
   9298
 -20728
 -19034
   4858
   9994
  -9112
 -21607
 -16308
  -4058
   3938
   5989
   3184
   3052
   5283
   2003
   -912
   9864
  18923
   2566
 -18123
 -11155
   6215
   4308
  -6144
  -7097
  -7454
  -6882
   3768
  11796
   2480
  -1888
  13474
  19356
  -2800
 -18821
   -751
  23192
  19427
   2213
   1362
   8001
  -1216
 -16400
 -13417
    299
   4404
   3941
   6372
   3123
  -1092
   2664
   -656
 -14842
 -10015
  13480
  13736
  -8540
  -8291
  12949
  12829
  -7569
  -9571
   8346
  17834
   9297
  -5673
 -13934
  -5097
   8704
   7551
  -4063
    487
  17573
  18249
  -2315
 -17828
 -10663
   6572
   9075
  -5824
 -16423
 -10348
  -2223
   -175
  -1744
  -5933
  -6921
   5151
  10088
  -5309
 -11436
  13625
  24556
 -10302
 -41751
 -15411
  29549
  26660
  -8088
 -15321
    781
   2173
  -4302
   5637
  14740
   3655
  -9642
  -9839
  -9092
  -8232
   4723
  14157
  -2063
 -19431
  -8412
  12201
   6112
 -15524
 -17652
   3416
  17516
   6873
  -6705
   1799
  13033
     10
 -17393
  -6470
  16302
  18986
   5389
  -7424
 -14049
 -10199
   4056
  16889
  18502
   8945
  -6964
 -11331
   5881
  18633
    500
 -17104
   1994
  25665
   9418
 -16468
  -6437
  17048
  13121
  -3208
  -6095
  -2846
   -868
   1406
   -264
  -4587
  -6412
 -12907
 -18992
  -2724
  19898
  12386
 -10337
 -10683
    554
   2554
   3047
   3159
  -5886
  -6747
   7917
   8725
  -8214
  -2228
  24839
  20357
 -16606
 -25864
   4661
  23094
   7829
  -7241
  -1804
  14464
  21583
   7799
 -15695
 -18652
   5046
  20296
   4782
 -18076
 -19989
  -4893
  12480
  26647
  24698
  -2896
 -23907
  -5612
  19353
   7820
 -16023
  -9194
  12657
  10225
 -11258
 -21298
  -6357
  16916
  21144
   3231
  -9762
  -2120
   6354
   7299
  11268
   9715
  -7299
 -14944
   3187
  14967
  -2501
 -17151
   -825
  18066
   6490
 -16327
 -18313
  -2298
  11844
  19741
  17313
  -1273
 -21119
 -12087
  19718
  27908
  -3433
 -25766
  -7968
  12792
   -379
 -20868
 -17094
  -2040
   4098
   4622
   5737
   4156
  -4621
 -12424
  -1191
  19854
  17501
  -9294
 -18571
  -3682
   1313
  -9620
 -13778
  -1903
   9170
   9315
  -1588
 -11007
  -6350
   4722
   8469
   3718
  -2985
  -7133
  -1481
  10750
   8788
 -12443
 -21531
   -114
  20998
  12112
  -4721
   2773
  11806
  -5785
 -21066
  -3318
  15183
  -1114
 -22797
 -14764
   1781
  -3185
 -14757
  -6704
   8839
   8542
   -372
   -358
    533
  -6599
  -4366
   9418
   6739
 -13091
 -13268
   6697
  12628
   -304
 -10176
 -12888
  -4770
  16589
  23078
  -3205
 -25718
 -11157
   9437
   2587
  -8423
   -344
   2982
 -14665
 -20471
   2555
  24190
  15217
  -9713
 -19240
  -4922
  10039
   4311
  -8185
  -3086
  10969
   7659
  -8192
 -14636
  -4910
   6615
   8521
   5781
   4573
   -437
 -14125
 -15960
   7043
  24150
   9894
 -15607
 -17297
   3221
  20157
  11272
 -12402
 -13870
  10902
  12456
 -17372
 -21433
  14050
  28663
    492
 -18551
    444
  17975
   2959
 -17144
  -5630
  13635
  -1133
 -26242
  -9199
  25739
  19964
  -9528
 -11629
   -292
  -9124
 -16720
   1744
  21312
  12381
 -12283
 -19908
  -5437
   6522
   5449
   4983
   5398
  -5261
 -10285
   7525
  20562
   2197
 -16629
  -7202
   1091
 -12904
 -13127
  13512
  20660
  -2675
  -4525
  20988
  16599
 -19636
 -26411
   1496
  12666
  -1654
  -8560
  -1561
   6561
   7333
  -3423
 -10919
   2569
  15407
  -2194
 -22340
  -8330
  15198
   7233
 -13862
  -6520
  20705
  23998
  -3493
 -22739
 -11467
   5358
   5099
    -84
   -863
  -6958
 -15067
  -8112
   6343
   6375
    774
   1505
  -4625
 -15849
  -2675
  22801
  15567
 -11738
  -8988
  10760
   6350
 -11351
 -10491
   -476
  -1224
   1169
  15677
  18520
  -5313
 -24082
  -8099
  16087
  11395
  -4804
  -2508
   4231
  -9126
 -23648
 -11467
   8312
   7012
  -3731
   1545
   7079
  -9270
 -24209
  -9002
  16178
  13967
  -8400
 -15190
   5679
  24127
  16548
  -6127
 -15935
  -7058
   2201
   1046
  -3996
  -3306
    803
     -1
  -7098
  -5145
   8586
  10594
  -7204
 -13830
   2147
  10175
  -5647
 -20401
 -14576
   -640
   3837
   2897
   6073
  10230
   8280
   4298
   3522
   3791
  -1639
  -9397
 -13831
 -12046
  -5374
   2188
   3905
   1475
   5675
  15334
  14235
    473
  -6177
   2052
  11034
   9264
    207
  -6610
  -7652
  -5616
   -883
  10407
  16735
   1739
 -18249
 -10813
  14213
  19552
  -1765
 -20236
 -15783
   2687
  10439
    825
 -10077
  -5964
   2733
   2770
  -2983
   -908
   3920
  -1076
 -14060
 -19823
 -12546
   3271
  13061
   5700
 -12875
 -17363
  -2943
   5608
  -2552
  -4595
   7577
  11179
   4020
   5323
  10307
    373
  -9149
   -892
   9695
   3826
  -7793
  -9953
  -3193
   5119
   8438
   4933
   1623
    407
  -2215
  -3593
  -2087
  -7780
 -13256
  -5157
   7049
    950
  -6360
   6634
  22634
  14111
  -7670
 -10474
   8092
  17441
  -4861
 -25871
  -2916
  35372
  19529
 -29943
 -30096
  15880
  28829
  -3122
 -21203
  -7105
   8274
   8477
    608
  -6073
  -8812
 -12564
 -15907
  -5834
  15300
  22161
   3586
 -12323
  -9730
     62
   5628
   5401
  -6198
 -16541
  -4666
  14208
   6595
  -9207
    920
  15423
   2654
 -10307
   5109
  16434
    343
 -11399
  -1600
   5662
   -641
   1686
  14590
  15214
  -1330
 -12322
  -7623
  -1808
  -5204
  -7536
  -2847
  -2459
 -15043
 -23461
  -8659
  14835
  13777
 -13908
 -29774
  -6304
  30179
  32197
  -4206
 -28722
 -12242
  14280
  16224
   1766
  -2722
   7996
  17498
   6159
 -21544
 -26869
   2145
  19561
  -4609
 -24776
  -4797
  14791
  -2138
 -16855
   -378
  18925
  12381
  -3288
  -8789
  -7860
  -4005
   3694
   8725
   1847
 -10633
 -10655
   3220
  18705
  21478
   6426
 -17175
 -20326
   7466
  35777
  23878
 -17401
 -34630
  -5199
  25851
  12454
 -19426
 -20391
   5141
  20047
  10797
  -6248
 -10666
   6056
  22307
   9850
 -16992
 -18375
   6134
  20390
   9688
  -6404
  -5312
   7680
  13324
   3432
  -5611
   1287
  12095
   4737
 -12796
  -8604
  16482
  20066
  -7541
 -20140
   2220
  17478
   6208
    275
   7882
   1618
  -9333
   1729
  12862
  -1236
 -11920
     51
   4842
  -6224
  -4290
   9264
  10993
   4923
  -1104
  -9278
  -9799
   5452
   8990
 -11904
 -21195
    133
  11751
  -7605
 -17440
   5274
  14478
 -12247
 -23154
   6325
  28040
  13635
  -4150
    327
   9079
   7234
  -5796
 -14268
  -3632
  14050
  12324
  -5103
  -8705
  -2379
  -6299
  -8300
   4985
  10695
  -2344
  -6666
   9079
  11050
 -11680
 -18465
   4137
  12439
 -14293
 -26764
   6735
  33315
   7434
 -26617
  -8601
  24700
   9561
 -28286
 -24459
   9415
  20097
   4881
  -7317
 -16358
 -21407
  -3722
  23163
  16888
 -10102
  -7635
  17273
   8110
 -22711
 -14987
  18966
  12236
 -21345
 -12983
  22166
  19623
  -9965
 -13247
   1085
  -1688
  -9511
  -1315
   5287
    -83
  -1689
   5062
   9295
   5243
  -5027
 -15277
  -8636
  11631
  11172
 -13968
 -22489
   5324
  26429
  13018
  -5706
   -863
   8002
    479
  -7897
  -1460
   4282
  -2691
 -11229
  -7874
  10783
  26288
   9014
 -23576
 -19113
  12623
   8015
 -22136
 -16798
  13492
  14876
  -2725
  -2906
   3142
    838
   4255
  11546
   3017
 -16734
 -17215
   4503
  14201
  -5109
 -19570
   -551
  23222
  14467
 -10406
 -14023
   2937
  10294
  -4659
 -18784
  -7722
  16702
  18824
  -7785
 -23482
  -1607
  28785
  18668
 -21929
 -30619
   4238
  23003
   -533
 -17219
  -4261
   7264
   2969
   -956
  -3802
  -4541
  11914
  26248
   6661
 -20457
  -6610
  20373
   3484
 -31540
 -17323
  25242
  22503
 -21511
 -31921
   5459
  26508
   2953
 -20047
 -10523
   5935
    309
 -10858
  -6973
   2661
   3692
   5573
  11431
   4852
  -9668
  -4343
  11887
   6291
 -12830
  -9771
  11349
  19412
   3994
 -16210
 -19121
    292
  20586
  14038
 -14698
 -25175
   2535
  27869
   9351
 -21207
 -14069
  14187
  16936
  -5324
 -15586
  -3973
  13173
  21537
  14713
  -6927
 -23409
 -12276
  11624
   9581
 -12975
 -14748
   3698
   6689
  -6103
  -7401
   -949
  -2700
  -2841
   4089
   5530
  -1067
   -776
   5011
   4831
   3325
  10851
  13194
  -1514
 -14736
  -9203
   3378
   4291
  -5210
 -11600
  -2361
  13062
  11364
  -2213
   -802
  11637
  11518
   9077
  15149
   7153
 -16544
 -13684
  16856
  22248
 -10540
 -28860
  -3649
  22139
   5622
 -20055
   -187
  34325
  15905
 -30332
 -26280
  17455
  30068
   6082
  -7291
  -1317
   3817
    823
  -6278
 -11585
  -6551
   7377
  13629
  -1647
 -19029
 -10069
  11231
   4439
 -17222
  -8592
  16108
  11210
  -7542
    251
  20756
  14818
  -9704
 -21066
  -8979
  11596
  16830
  -5492
 -31180
 -22929
  14256
  30614
   6060
 -19574
  -8898
  14072
  11245
  -5313
  -8461
  -2367
    969
   7277
  10199
  -3508
 -14068
  -1631
  14568
   6150
 -14224
 -18109
  -1503
  10356
   5673
  -3038
  -3412
  -5989
  -8668
   4100
  15930
   2210
 -15413
   -433
  27315
  24989
  -5353
 -30497
 -26411
  -2593
  11932
   5623
   2680
  10124
   7812
  -3167
  -2058
   2034
  -6567
 -10026
   2283
   9938
  -2155
 -15992
  -9985
  13053
  23490
   4280
 -20597
 -21547
  -6886
   2818
   4693
   3809
   4390
   9020
   7517
  -6958
 -18921
 -12639
   1860
   9313
   6308
  -5636
 -17632
 -14318
    902
   6718
  -5819
 -17681
 -11782
   3641
  12378
  10601
   4302
  -2962
  -7997
  -3074
  11324
  13701
 -11150
 -32228
  -8658
  30076
  22348
 -14383
 -16951
  10219
  10757
 -12948
 -16347
   -963
   2068
  -8784
 -12405
  -4912
   7250
  16099
  16671
   6090
  -9293
 -16938
  -8265
   6786
   8637
   -914
  -7180
  -3415
   2882
   4854
  -3964
 -12091
  -4971
   5802
   4448
  -1101
  -1511
  -6178
  -7264
   4390
  13599
   2923
 -11313
 -10872
  -2074
   1297
   -496
  -2843
  -5483
  -6303
  -5041
  -3678
   1362
  10651
   7878
 -10461
 -11482
  15302
  26592
  -5789
 -31761
 -11789
  15748
    851
 -22388
  -8911
  21131
  23210
   3377
 -11302
 -11849
  -5069
    716
     64
  -1357
   1075
   3859
   8814
  16931
   8757
 -15949
 -22591
   4794
  25518
  14354
  -1604
   2654
   3247
 -15974
 -23235
   3123
  24543
   5991
 -23706
 -22259
  -1705
  -1483
 -21173
 -24242
   4885
  29809
  13312
 -23576
 -28063
   3111
  25709
  16438
  -2466
  -4712
   8644
  11907
  -3865
  -7885
  15424
  23470
  -8504
 -33021
 -11309
  14436
   6971
 -10608
 -13956
 -13769
  -8555
  12812
  24685
  -1438
 -33846
 -20883
  18695
  24293
  -4143
 -15228
  -4103
  -5219
 -10764
   3780
  15733
   -230
 -15181
  -7397
  -6834
 -22933
 -17828
  15212
  27561
   3501
 -18734
 -13400
   2437
   9033
   9282
   9484
   6856
  -7051
 -21089
 -14433
   7048
  13539
   2223
   -731
   3482
  -4090
 -12099
   4785
  25470
  16403
  -9074
 -13770
     65
   5239
    -58
    558
   5345
    820
  -8872
  -4014
   8940
   9280
     57
   3013
   8874
    271
 -12622
  -3291
  16729
  15985
  -7737
 -20149
  -5628
  11864
  15090
   9701
  -1537
 -11183
  -6190
   5688
  -4323
 -20962
  -3589
  26090
  11879
 -25796
 -16608
  25813
  29111
  -7490
 -21955
    453
  19888
  10677
  -8976
 -14522
  -1422
  10352
  11807
   9282
    701
 -13488
  -9881
  11894
  16020
  -3289
  -5238
   6064
    128
  -6970
   8549
  14653
  -3672
  -5713
  13504
   8384
 -13507
  -7091
  16385
   9058
 -16554
 -13880
  11298
  17911
   1626
  -7014
   1059
   2536
  -9299
 -15684
  -5112
  11528
  15815
   -459
 -23894
 -20598
   7435
  14716
  -9647
 -18422
   4370
  14345
  -2492
  -9398
    403
  -3893
 -15236
  -6518
  12293
  14348
   5531
    573
  -5885
 -13845
 -13039
    679
  15521
  14036
  -4617
 -16647
  -7442
   1969
  -1007
   4444
  22987
  17452
 -15410
 -30898
  -6765
  18614
  12797
  -7384
 -15463
 -13432
  -7240
   7073
  21809
  16485
  -6778
 -21478
 -13500
   4728
   9003
  -2617
  -5396
   9172
  12386
  -6792
 -17327
  -4249
  10146
  14721
  10013
  -6342
 -19815
  -6331
  13721
   6559
 -15122
 -15384
  -1373
   6239
   4226
  -2013
 -11391
  -7178
  13406
  26705
  15228
  -5098
 -13566
  -2358
  14077
  14626
   -644
  -5404
   3619
   5971
   2415
   8206
   9471
  -4200
  -7821
  11774
  18788
  -1683
  -6948
  14816
  11039
 -24371
 -25706
  19469
  39528
   7410
 -22938
 -19130
  -3127
   4823
   6106
   3260
  -1744
  -8757
 -13996
  -4251
  17558
  21855
  -2091
 -26404
 -25301
  -1995
  16780
   9090
 -12404
 -11520
  11555
  15639
  -7706
 -21543
  -8003
   7927
   5062
  -8377
 -15129
  -5224
  11459
  10648
  -7676
 -12943
   1478
   7599
   1510
   7515
  20809
  11296
 -11409
 -19648
 -12386
    392
  13930
  14278
  -6336
 -18836
  -5168
  10024
   7273
   1013
  -5444
 -14644
 -12821
   3787
   7996
  -3214
   -681
  11978
   7396
  -9178
 -11010
   4668
  15870
   7612
 -10915
 -16923
  -4156
   9806
   8806
   -992
  -9042
  -9400
  -3408
   7082
  11246
   -683
 -19205
 -16860
  10547
  26157
   7425
 -12449
  -2246
  15498
  16072
  14011
  14952
   1700
 -18624
 -17972
   2260
  19198
  17465
  -1320
 -19378
 -13314
   4682
   7800
   2792
   6048
   4165
  -5211
    594
  16699
   6551
 -22889
 -27138
    422
  17250
   7390
  -6445
  -8156
  -4140
   4634
  12533
   6853
  -8408
 -14778
  -7887
   3884
  13166
  10448
  -5494
 -18620
 -17282
  -6336
   8925
  21192
  10639
 -17667
 -22340
   8993
  26906
   6740
 -11139
  -2205
   5065
  -2946
  -3675
   2949
  -7759
 -29004
 -22337
  13378
  29618
    798
 -29059
 -13108
  21825
  16921
 -17308
 -19447
  12991
  17544
 -11453
 -12609
  19720
  23715
 -11108
 -31886
 -19467
   1057
  13264
  10222
  -7913
 -11738
  10066
  19185
    119
  -8979
   4180
   4128
 -10800
  -5206
  15719
  14059
  -9928
 -21019
  -5338
  11521
   3514
 -16059
 -12574
  13432
  18279
  -6113
 -20540
  -4285
  17176
  14107
  -7659
 -13370
   4101
  14079
   1795
   -873
  10046
   5023
 -11911
 -10082
    945
    113
  -2374
   1671
  -1547
  -5034
   7168
  17706
   3189
 -15313
  -9605
   9572
  12930
  -2344
 -19971
 -16038
   9762
  24655
   5966
 -17507
 -15699
  -6532
 -11102
 -13368
  -2811
   6954
   8101
   6864
   3806
  -1431
  -3548
  -5120
  -9572
  -5488
   8353
  12356
  -4946
 -22891
 -13256
  11257
  15205
  -4376
  -8935
  11092
  14711
 -10160
 -20808
   4531
  26673
   9747
 -24702
 -30671
  -3126
  20660
  16417
   -223
  -4198
   3825
  10633
   5710
  -2371
  -4185
  -1346
  -5210
 -10024
  -4632
   5179
   4684
  -2490
  -2146
   1773
   1837
   4243
  11255
   8232
  -6095
  -7981
   7732
  18104
   7666
  -7426
  -8625
   2071
   9891
   6726
  -2877
  -8209
  -5015
   1671
   4745
   -985
  -9439
  -9603
  -1632
   -169
 -13363
 -23085
  -5870
  22159
  16393
 -17946
 -25277
    559
  14048
   5880
    662
  -2847
 -11793
  -9670
   9625
  23090
  18204
   2414
 -11644
 -16200
 -10687
  -2221
   2495
   3993
   4729
    -89
  -7154
  -2924
   9267
   6649
  -5973
  -1491
   7754
  -6322
 -17945
   2480
  19185
  -3948
 -26457
 -10151
  12458
   8202
   1213
  10194
  12827
  -3318
 -15188
  -5288
  10483
   8405
  -6012
  -1232
  21801
  20077
 -16914
 -33094
    382
  30926
  13649
 -19073
 -15963
  10764
  20060
   3358
 -11655
 -10308
  -1067
   3518
   1829
  -4671
  -6448
    594
   4308
  -5566
 -14794
  -4492
  16683
  22865
   3747
 -23149
 -20433
   9651
  20149
  -9125
 -27691
  -4092
  21347
  14185
    939
   -781
  -3087
  -3713
   5830
   4551
 -13207
 -18020
  -1565
   8822
    472
 -15543
 -20567
  -7407
   8357
   2091
  -9593
   1447
  18682
   9035
 -11081
  -8234
   9517
  10913
  -3309
 -12618
 -10746
  -4530
   8903
  18293
   6582
 -11288
  -4379
  12035
   8443
  -6269
  -6661
    254
    225
  -1875
   2501
   8931
   6800
  -4346
  -8457
   2500
   7692
  -7600
 -18127
    638
  26907
  25892
    531
 -15210
  -3202
  19202
  21450
   1790
 -15887
 -11714
   7099
  18155
  10509
  -6602
 -13320
  -3594
   6529
   4812
    982
   2974
  -1913
 -15695
 -17884
  -1031
  12838
   7560
  -8194
 -14344
  -1578
  19430
  23953
    321
 -20194
  -2697
  32839
  28866
 -14687
 -30627
   2366
  22403
  -3685
 -20366
   6394
  25614
  -1870
 -30473
 -13616
  18249
  10529
 -20519
 -18439
  13729
  21874
  -1072
 -11386
    291
    194
 -13029
  -6696
  21044
  27354
  -5148
 -38010
 -28442
   9921
  25471
   3813
 -15314
 -10436
  -4282
  -2480
  14047
  27896
   4929
 -32367
 -27774
   8789
  23325
   6721
  -6525
  -3884
   2079
   6427
   4564
  -5221
  -5520
  11471
  15373
 -13400
 -33081
  -3965
  34976
  21098
 -22942
 -28400
   5331
  15339
  -7680
 -12500
   9423
  15008
  -3815
 -10919
  -3207
  -3941
  -6424
   3540
   9044
   -962
  -4502
   8292
  16121
   7691
  -4406
  -3402
   3301
   1966
  -7461
  -6261
   5111
   6510
  -2857
  -2392
   3036
  -3007
  -7258
   8504
  20125
    515
 -26189
 -20361
   9700
  27315
  14176
 -12659
 -22160
  -2649
  13540
   1624
 -12759
  -1902
  14001
  10712
   3168
  11156
  18867
   4354
 -17412
 -17513
  -2170
   4777
   5145
   6283
    264
  -7202
    542
   9548
  -1500
 -11977
  -5967
  -1746
  -6302
  -1741
   7430
   5752
   1372
   2207
   -945
  -5459
  -1137
   3310
  -6225
 -14305
  -3999
   4868
  -6564
 -15346
   1006
  16751
   3478
 -11272
  -1568
   7023
  -6688
 -10715
  12659
  22389
  -1152
 -12219
  15543
  34267
   3330
 -28633
  -6101
  25499
   2247
 -36437
 -16989
  27115
  23496
  -7679
 -10103
   5744
   7688
   -356
  -7062
 -10750
  -2239
  12175
   7942
 -12079
 -20567
 -10546
  -1733
  -4401
  -9861
  -9951
  -5892
   3919
  19665
  22589
   1651
 -17525
  -4892
  15807
   8430
 -12291
 -12423
   2580
   6378
   2022
   4720
   8975
   3324
  -2898
  -3458
  -9899
 -19947
  -9287
  15018
  13718
  -9397
 -15134
  -3143
  -6369
 -17404
  -8303
  10259
  17398
  15971
   9810
  -1770
  -9496
  -9722
 -10175
  -3068
  15203
  15229
 -12850
 -20847
  13138
  33709
   4291
 -21415
   1983
  30261
  11528
 -19255
  -8378
  22027
  18586
 -14473
 -33882
 -17308
  14692
  27985
   8445
 -16831
 -16575
   2017
  12767
   9320
  -4813
 -16530
  -6047
  18073
  15188
  -7816
  -3252
  21685
  17113
 -13668
 -24519
 -10493
  -1146
   2848
  11487
   9035
 -13312
 -25039
  -4035
  20595
  13347
  -5660
   1834
  23717
  17856
 -16613
 -31673
  -9725
  13528
  10883
    571
    139
    174
  -1852
   2269
   7526
   4337
   4427
  11216
   7542
 -11816
 -21639
  -5362
  16089
  16921
  -2585
 -19906
 -19649
  -6139
   5228
   1907
 -11109
 -14805
  -2113
  11562
  14006
   6863
   2342
   4604
   2245
 -15366
 -24560
  -1368
  22581
   9761
  -8265
   7121
  23080
   -859
 -29052
 -14603
  21748
  30829
   8224
 -15437
 -15843
   3635
  20552
  11787
 -12933
 -20792
   1015
  22613
  12830
 -16517
 -23395
   1590
  15947
  -3808
 -18443
  -1114
  12008
  -6105
 -18435
   3989
  25292
   6096
 -24030
 -15166
  14153
  11239
 -13991
 -11222
  13103
  12859
 -10708
 -22035
 -13874
   3290
  17018
  11532
  -9025
 -11096
  16100
  33420
   8753
 -29350
 -28136
  13968
  40879
  18867
 -18178
 -25908
  -9282
  -1350
  -4160
   1933
  11199
   1681
 -11896
  -3101
   9788
   3186
    147
  13169
   5026
 -21157
 -13020
  21966
  19961
 -16673
 -23359
   7782
  24634
   9212
 -12032
 -18102
 -10328
   2946
  11154
   4955
  -8459
  -8400
   2319
   1258
 -10440
  -4822
  10197
   6747
    784
  13204
  10165
 -19952
 -20385
  21941
  27020
 -22767
 -39783
   5823
  31538
  -3074
 -30105
 -10278
   8202
    454
    -62
  11383
   2997
 -17028
 -18539
  -8303
    268
  13212
  18552
    314
 -20578
 -17475
  -5167
  -5518
  -6859
   1337
  13430
  14386
  -2672
 -18609
  -8531
  14247
  10722
 -13678
 -16408
   3797
  10462
  -5659
 -17720
  -7560
   8962
  13124
   2814
 -10354
 -15311
  -9932
    806
   9766
   7942
  -4244
 -11717
   -429
  13362
   5534
  -9388
  -3235
  13034
   9205
 -10633
  -9472
  13120
  20267
  -3716
 -19946
  -1927
  21772
  17584
  -2147
 -13520
 -12929
  -2816
   5659
   -343
 -13615
 -12409
  -1440
    615
   -374
   7461
  13415
    -23
 -17273
 -12557
   9173
  22645
  14521
  -3629
 -13308
  -5911
   6713
  10950
   4983
  -6361
 -14421
  -2803
  18224
  15455
  -7585
 -13141
    543
   2939
   -179
   8552
   7085
 -14907
 -21167
   7130
  27608
   6048
 -24159
 -17175
  11878
  13617
 -12185
 -17740
   7061
  18928
  -3807
 -29742
 -25522
    562
  17647
  11891
  -5926
 -15014
  -6869
   9552
  13415
   -363
  -7245
   6722
  16350
   1288
 -11254
   3382
  14408
  -6272
 -23292
      4
  27745
  14341
 -15041
 -18687
  -6894
  -1682
   5924
  19104
  15493
  -7604
 -19692
  -5724
  11745
  12596
   4340
  -4585
 -13171
  -9881
  11865
  23439
   -950
 -33724
 -22806
  21748
  35389
   1159
 -20475
   1279
  18603
   1274
 -14560
  -3262
  12036
  12274
   3612
  -4149
  -3929
    879
   1384
   -956
   1926
   1158
  -7211
  -4718
   9057
   8743
  -5844
  -3814
  16733
  23445
    443
 -24245
 -16993
  12084
  21186
   2627
 -10169
   -110
   4193
 -12614
 -17463
   8691
  21039
  -8945
 -28484
   -836
  19358
  -5800
 -24770
     86
  19276
    655
 -17553
  -7701
    289
  -2559
   5730
  19409
   9158
 -10263
  -6020
  11042
  10888
  -2042
  -6825
  -1337
   3328
   3962
   1541
  -2202
  -7902
 -13778
 -13306
  -4727
   -456
  -1519
   3131
  11123
   2602
 -19127
 -23973
   1869
  27879
  21481
  -3557
  -8488
   6439
  10142
    972
  -1448
   2071
   1509
   1938
   2144
  -7338
 -17772
 -15378
   1071
  18109
  18239
  -3922
 -20793
  -8309
  15270
  18273
    767
 -13404
  -9354
   5688
  11217
   -277
 -14080
 -17515
 -10394
  -2237
  -3567
  -8003
   2147
  12046
  -4374
 -26746
  -8676
  33588
  39040
  -4659
 -37251
 -15673
  24186
  24628
  -8710
 -24025
  -1411
  23388
  14906
  -5716
   -286
  18647
  11778
 -12280
 -16177
  -6240
  -1581
   5185
  16366
   3026
 -25830
 -18393
  19864
  24965
 -12566
 -28990
  -5734
   8985
  -4491
 -11929
    620
  10687
   8370
   5456
  10119
  12334
   5927
  -5451
 -10189
  -3995
   8037
  15996
   8305
  -8307
 -11497
   2180
   6118
 -14258
 -27733
  -7477
  20391
  13549
 -17467
 -24115
   4137
  22259
   5667
 -12426
  -5537
    337
 -11260
 -12217
   6003
  18298
  19219
  16835
   3207
 -14934
 -10239
   6471
   5394
  -5687
  -5522
    411
   3956
   4502
  -2046
 -16187
 -19539
  -4247
   9699
   4531
  -6506
   1249
  13976
   6248
  -6836
    738
  10387
   -154
  -8164
   2895
   4245
 -14447
 -15735
   7299
  19060
   4795
  -9238
  -4164
  10356
  15658
   1011
 -14035
  -7986
   8098
   7519
  -7404
 -11367
   -285
   3638
  -7320
 -11814
  -3217
     94
  -4626
     -1
   9117
   5159
  -7508
 -11925
  -3258
  14930
  25597
   7425
 -21882
 -17565
  11215
  11608
 -18122
 -20195
  11399
  19694
  -5267
  -9806
  14790
  19354
  -1417
  -9476
  -5561
  -6912
  -5166
    521
  -1797
   1046
  10354
  -2752
 -27132
 -13507
  20659
  14344
 -17836
 -18390
   3264
   7684
   3743
   8848
   6066
  -4507
   -171
  13789
  15869
   8576
   4141
   2133
    145
  -1565
  -6936
  -8923
   4703
  16314
  -1182
 -26191
 -15523
  17229
  24263
   6321
  -2801
   -659
   2528
  11334
  21223
   8782
 -14645
 -16342
  -1454
     95
  -4594
   2968
   7878
  -8933
 -21313
  -3976
  16650
   3092
 -19475
  -9721
  16113
  12356
  -9498
  -9313
   5721
   3394
  -5129
   1937
   6914
  -7366
 -12267
   7073
  15156
  -5901
 -16425
   5357
  27125
  21580
   5698
  -6622
 -13852
  -8550
   8536
   9257
 -14922
 -26777
  -4205
  18241
  11300
  -5571
  -8923
  -6976
  -4768
   4755
   7033
 -11448
 -15171
  16737
  34083
  -2583
 -35442
 -10463
  27759
  18198
 -10436
  -8493
   1770
 -12081
 -18703
   6241
  20626
  -4345
 -20405
   1163
  12006
 -11960
 -19233
  11112
  26216
   4624
  -9071
   2273
   7072
  -2203
  -7608
 -12030
 -23316
 -17090
  12918
  26643
   4451
 -13623
   4813
  21861
   1754
 -20260
  -3927
  18609
   4950
 -16936
 -10000
   3949
     99
  -5752
    702
  10269
  18574
  17773
  -1051
 -18087
  -6625
  13958
  13646
  -6926
 -23401
 -18159
   5367
  14143
  -8778
 -26742
  -9128
  17785
  23082
   9748
  -6279
 -12729
   -725
  12088
   5983
  -2647
   6837
  18290
  10358
  -4961
  -9299
  -5051
  -2974
  -3109
   -268
   2430
   2691
   2008
   -594
  -2804
    456
   -217
 -12413
 -11963
   9702
  13731
 -13475
 -20301
  13530
  34224
   6418
 -25940
 -18278
   7811
   6926
 -21990
 -32548
   -449
  34382
  21515
 -19745
 -28726
   1030
  25256
  21445
   2671
 -15982
 -20662
  -5933
   7290
   4914
    341
  -2917
 -10480
 -10305
   5823
  15387
   6550
  -6416
 -14385
 -13767
    814
  14101
   4351
 -16388
 -19580
  -4518
  10988
  15591
   3605
 -16656
 -22464
  -4853
  13955
   8461
  -9855
  -8896
  11453
  16406
  -2356
 -15154
  -7409
   3706
  10553
  12408
  -1451
 -20764
 -13652
  13552
  14079
  -9893
 -12295
   6753
   4451
 -15075
 -12748
   5250
   4827
  -3838
   3187
   8463
  -5104
  -9920
   5303
   6535
 -12773
 -14728
   7651
  20870
  12169
  -2347
 -13758
 -14297
   5438
  21848
   -736
 -35845
 -22920
  24158
  31188
  -7280
 -20265
   4907
  12316
  -7282
  -7836
   5036
   1776
  -4258
   5581
   9561
   4255
   3071
  -6484
 -24536
 -12277
  25214
  27336
  -8698
 -17215
   7602
  14330
  -9140
 -20159
  -3149
  19127
  18921
  -3617
 -20131
  -8919
  14189
  18444
  -1636
 -17934
  -4952
  17262
  12249
  -7417
  -4046
   9032
   -148
  -8946
   3792
  12287
   3831
  -1243
  -3244
 -12678
 -10600
  13345
  30427
  14745
 -12393
 -15713
   3123
  14992
  14170
  13134
   8155
  -5642
 -11394
  -1221
   5183
  -4173
 -17379
 -16273
     -5
  16733
  21345
  15250
   2909
 -15352
 -21806
   -887
  20724
   9599
 -15151
 -15109
   5528
  16036
   6869
  -7006
  -5763
  12025
  17897
  -3651
 -21756
  -3579
  30798
  31845
  -4611
 -36036
 -26034
   7125
  17807
  -2349
 -12175
   1976
   7391
  -7439
  -9464
   8672
  14750
     58
  -5653
   4177
   5999
  -4567
 -11574
 -15307
 -16936
  -6018
  11712
   7713
  -8660
  -7034
   5552
   1256
  -7499
   1459
   8315
 -10236
 -24316
   1892
  33754
  14564
 -29063
 -21619
  22372
  26862
 -11187
 -25570
  -1486
  19425
  13537
  -7642
 -19300
  -5879
  13367
   7273
 -15372
 -19987
  -5265
   3882
  -3606
 -10878
  -3432
  13695
  14300
  -5925
 -22351
 -10854
  12932
  19638
   7194
  -2598
  -3618
  -6590
  -8364
  -1030
   3530
  -5221
 -15500
 -15720
 -10293
  -1074
   6863
   4859
  -5856
 -12562
 -16214
 -16358
  -2838
   8108
  -4303
 -11373
  13665
  25023
 -10989
 -35946
  -4580
  28047
  10683
 -18244
  -9391
  18357
  22794
   1963
 -12569
  -3508
   9946
   3404
 -10682
  -5376
  15098
  21107
    727
 -18318
  -6948
  20266
  21257
  -3787
 -13978
   4000
  21611
  13611
  -9025
 -16993
   1231
  15957
    397
 -17845
  -6482
   8860
  -3230
 -13905
    287
  13875
   5848
  -6049
 -10216
 -10448
  -6171
   1330
   3295
  -3806
 -11492
 -10810
   -326
   2931
 -10388
 -15601
   3743
  16955
    825
 -14849
  -7422
    -42
 -10043
 -13992
   5602
  28881
  23287
  -8415
 -24683
  -4553
  19252
  15515
   3486
   5670
   7258
   -948
   2230
  17474
  11856
 -16514
 -26061
  -5377
   3371
 -12589
 -15948
   7671
  21628
   5875
 -11027
  -6792
   3364
   3824
    -51
  -1908
  -9451
 -16619
  -2347
  21720
  14755
 -13537
 -12094
  12688
  10160
 -10937
  -6641
   9611
   3467
 -15533
 -21252
 -15613
  -6427
   4546
  14387
  15619
   6671
  -2112
    778
   6064
    436
  -6599
  -2062
   3869
   5863
   6514
  -1833
 -15115
  -8130
   7056
  -3777
 -22285
  -3620
  24913
  15546
  -6711
  -1590
   8550
  -5994
 -16703
   -240
  12899
   2434
  -5419
   4678
   9244
   -767
  -4682
    633
   3597
   4314
   2493
  -3774
  -5244
  -1314
  -2858
  -5124
   8143
  18469
   2164
 -22462
 -22627
   1440
  16152
   2215
 -20977
 -13617
  18020
  26260
   1714
 -13833
  -5140
   2431
  -1825
  -7536
  -9338
  -2723
   8367
  11323
   7725
  10903
   7150
 -13274
 -25442
 -10200
   4830
   4584
   3193
   6774
   3079
  -1636
   3096
  10317
   6996
  -1763
  -4100
   1463
   4468
   1742
  -1376
  -6010
 -12215
  -7826
   4196
   3105
 -10605
 -11032
   -866
    537
   -802
   6265
  10173
   6642
   1991
  -3157
 -10242
  -9595
  -1036
   7503
  13197
  12131
   1141
  -7763
   1279
  14943
   4011
 -21078
 -18674
  11976
  23184
     61
 -20965
 -13606
   6388
  19592
  13834
  -6419
 -20257
 -10674
   7143
  10353
   2211
  -3587
  -5589
  -5226
  -1685
  -2490
  -7102
  -5531
  -1501
   -171
   2731
   -294
 -17563
 -19735
   9631
  31101
  12468
 -17481
 -22974
  -8453
   3177
  -2711
 -16568
  -9204
  24126
  36326
  -2537
 -44325
 -25289
  30095
  40599
  -6208
 -33468
  -5378
  16775
  -5834
 -21706
   5385
  25454
   5053
  -9485
  10483
  23111
   1075
 -18999
 -11865
   -839
   2911
  12063
  15122
  -3229
 -14614
   -248
   8396
  -2250
  -3838
   2973
   -639
  -5451
   -906
  -1319
  -5869
  -1959
  -2176
  -9782
  -3864
   9717
   4897
 -10087
  -4262
  10607
   3229
 -14565
  -8472
   8674
   3690
 -10882
  -5819
   5953
   4685
   2105
   5740
   7200
    171
  -6361
  -6619
  -4249
  -6425
 -10089
  -3829
   9464
  10368
  -6008
 -18668
  -8642
  13881
  21554
    952
 -23045
 -16580
  14742
  26805
   7153
  -8991
  -3958
  -4993
 -18648
  -9908
  21749
  25975
  -5493
 -20181
   1037
  15778
   3931
  -3560
   6386
   3134
 -16449
 -19174
  -2138
   2176
  -5166
   1718
  11052
   -531
  -8183
  10257
  21696
  -1647
 -18428
   6401
  30781
  11480
 -18743
  -8818
  19584
  12364
 -16353
 -15454
   8941
  10047
  -7826
  -4929
  11745
   4283
 -16236
 -12413
   9506
  10434
  -9018
 -13022
    152
   4239
  -2273
   3015
  12946
    -99
 -25673
 -24025
  10761
  32983
  10864
 -18345
 -10979
  10544
   4599
 -14017
 -11029
    164
  -1750
  -6844
  -4381
   -857
   -515
  -2388
  -1403
   2707
    687
 -15771
 -22252
   -614
  18441
   8902
  -2139
   2718
  -5313
 -25518
  -8746
  29087
  21033
 -24236
 -30598
   7076
  28480
  20823
  11699
   1148
 -13434
 -11480
   6294
   8949
  -4363
  -6739
   -396
  -8369
 -19738
 -10107
   8507
   6341
  -9954
 -12908
    136
   8534
   2712
  -6643
 -10829
  -8878
  -2731
   1399
  -2970
  -9931
  -2801
  14810
  18104
    890
 -10824
  -2481
   5474
    358
  -1777
   5295
   5684
  -1107
  -3580
  -7009
  -9676
  -1266
   7706
     75
  -7739
  -2424
    866
  -2038
   2293
   9245
   -584
 -19840
 -20514
   4062
  23747
  13171
 -13907
 -21315
  -2748
  13149
  11831
   -143
 -10735
  -9196
   9452
  22036
   9455
  -3437
   7991
  17490
  -3943
 -30058
 -21482
   9487
  23221
  12690
   1010
   1569
   1033
 -11373
 -14588
   4258
  19497
   3122
 -15405
  -5376
   8401
  -1528
  -7447
   7268
   6148
 -17493
 -12966
  20599
  20637
 -12657
 -14308
  14417
  10645
 -13294
  -1454
  21388
   4313
 -17441
   5705
  29289
   7822
 -16926
  -4156
  10145
  -4474
 -15998
    -20
  13349
    861
 -12961
  -3553
  12239
   6817
  -7940
 -12785
 -12452
 -15379
  -4571
  19760
  21502
  -2334
  -7111
  13872
  12443
 -15755
 -20541
   8823
  23215
   3374
 -20011
 -15166
   8053
  17959
   7140
  -4519
  -5442
  -4555
  -4651
  -3967
  -1889
   4508
   5886
  -7389
 -12902
  11349
  28167
   6588
 -17784
  -7631
   8353
   8591
   6567
   2747
 -11513
 -15076
   3064
  10984
  -5818
 -14743
   2080
  21128
  16615
  -5823
 -21602
  -9272
  16092
  15689
  -9009
 -12008
  13552
  24611
   4997
 -16215
 -17371
  -4832
   4797
  -1832
 -11174
   -593
  14633
   7983
  -4461
    238
   7053
   1684
   -419
   2010
  -1091
  -9265
 -16081
 -17599
  -5769
  10618
   6633
 -13033
  -9855
  13625
  17241
  -2477
  -3273
  20610
  27831
   2244
 -20049
 -12176
  15683
  27868
   4913
 -28245
 -22921
  17457
  30240
   -253
 -18597
  -1462
   9966
  -6688
 -20034
  -8334
  13601
  19918
   4954
 -11496
 -11320
  -2233
    882
   2102
   1971
  -4172
  -6906
   6219
  17382
   5016
 -16204
 -13402
  13919
  29848
  13479
 -13068
 -21758
 -14745
   1952
  23403
  23345
  -9072
 -28921
  -2204
  23876
   6237
 -20310
 -10892
  14662
  19879
   6786
  -8599
 -15180
  -7773
   5198
   6486
  -6430
 -15675
  -3942
  17071
  22115
   4857
 -10249
  -7722
   -564
  -2715
  -8741
  -3812
  11589
  14009
  -5710
 -17039
   4198
  22011
   -583
 -28513
 -15967
  12765
  12977
  -6092
 -14265
 -15208
 -10393
   6354
  13765
  -7068
 -18986
   3100
  19753
   4340
  -7055
   3063
   7618
    808
  -1087
  -4084
 -16965
 -14460
  12016
  24483
    448
 -25624
 -15097
   9524
  10403
  -2042
    927
   2792
 -16701
 -22599
   6528
  22767
  -6488
 -30119
 -12763
   8926
   3261
  -2081
   7533
   4641
 -17266
 -17269
  18540
  37770
   5267
 -28518
  -9966
  29652
  29592
  -3862
 -24962
 -11223
  14016
  15743
 -12625
 -27681
  -3781
  26991
  21716
  -7361
 -22532
 -11010
  12129
  20339
   2715
 -14968
  -6339
  13987
  11358
  -8762
 -12391
   4590
  12405
   -274
 -11156
  -3312
   5790
   5878
   2511
  -3849
 -14546
 -13912
   6200
  19459
   7003
  -9341
  -7376
   3821
   1943
 -11855
 -15092
   -931
  11740
   8073
  -1999
    190
   8366
   5264
  -7636
  -8279
   5020
   8810
    164
  -3516
  -2797
  -6504
  -7099
  -8411
 -19033
 -19382
   7265
  20509
  -3976
 -20276
  -1232
  10153
  -4433
  -5433
  11968
   8850
  -5343
   4377
  18438
   -415
 -20262
   4330
  40351
  20646
 -31460
 -33731
  17179
  33702
  -7266
 -29185
   1132
  20132
  -4215
 -21104
  -2340
  12293
   1712
  -5811
     10
  -2474
 -10388
  -1786
   9597
     16
  -7498
   6748
   9735
 -12005
 -13500
  11785
  13609
  -5412
   2333
  14909
  -9562
 -28774
   3514
  35021
   8448
 -27331
 -16518
   9717
   7010
  -9092
 -10211
  -2064
   1529
    258
     95
   9980
  19607
   5445
 -18400
 -12741
  11909
   5658
 -24887
 -23062
  12049
  31753
  15150
  -8237
 -13563
 -10483
 -14189
 -14515
   1389
  16833
   7816
 -10506
  -9484
  12872
  29635
  16303
 -18721
 -31011
    787
  30906
  13564
 -19144
 -14558
  19831
  36177
  14250
 -20094
 -26323
   2030
  27468
  20013
  -4114
 -17157
 -14923
  -4806
   5260
   7830
   4868
   5560
   4587
  -5696
 -11919
    561
  21949
  25081
   4241
 -17499
 -15475
   1914
  12396
   1861
 -17911
 -20175
   -530
   9621
  -3203
  -8713
   7013
   7901
 -13120
 -11629
  18072
  19837
 -12809
 -19907
   9922
  17006
  -8725
 -16106
   5312
  10910
  -2306
   -239
  10005
  -5256
 -29382
 -19817
  16993
  32833
  10316
 -20469
 -29764
 -13812
   8421
  20920
  17985
   5654
  -5858
  -3931
  10402
  15330
   1055
  -8567
   5343
  18285
   6595
 -11014
  -8964
   4480
  11837
  10151
  -2935
 -19879
 -12766
  18065
  26891
  -2861
 -26247
 -17123
   -300
   -683
  -8770
 -11450
  -2650
  11842
  18160
   9155
  -4325
  -8168
    457
  12140
  17163
   9978
  -1547
  -5030
   7958
  21325
  12340
 -10226
 -10188
   6921
   8454
  -4895
  -3418
  10820
  13375
   1405
  -7769
  -1335
  14570
  13005
 -11911
 -22588
    268
  13268
  -8301
 -18456
   6202
  12792
 -17667
 -28941
   7345
  37707
  21493
 -10730
 -17556
   -998
   9488
    520
 -12365
  -7848
  11851
  22360
   6303
 -21765
 -27375
   -207
  29002
  22096
 -13963
 -34339
 -12842
  17113
  10686
 -14353
  -6549
  21582
  11577
 -25051
 -23482
  13400
  22868
  -1688
 -14381
  -4306
   6113
   6202
  -1190
 -10251
  -8732
  -2500
  -4070
  -7020
   2020
   9026
   5330
   2996
   4926
  -1819
 -10415
  -3745
   7842
   6380
   3397
  10363
   7657
 -10735
 -12827
   6966
  11803
  -1168
   4268
  15336
  -2497
 -25005
 -10141
  13500
   6097
 -11235
  -4775
   7997
   -380
 -20917
 -22968
   -878
  18755
  18251
   8378
   -327
 -12347
 -17240
  -6501
   1392
  -5771
 -12305
  -4301
   8000
  14205
   7797
 -10722
 -22964
  -9792
  13862
  18919
    686
 -15914
 -10736
   8085
  16246
   8097
  -1041
  -5641
 -13699
 -14768
   1758
  17794
   9758
  -5134
  -4592
   5960
  12453
  12797
   4599
  -1706
   1880
   6089
    822
   -616
   1530
  -5611
 -14437
  -6976
   3547
   -746
 -11103
 -13636
 -11999
  -9373
  -1860
  13572
  23479
  15275
  -5930
 -18253
 -16550
  -8727
   3468
  10977
   -526
 -13992
  -2081
  16234
   3640
 -18600
  -9633
  11226
   6352
  -9343
  -6717
   2306
   1670
   4317
   8615
  -2101
 -10034
   3445
  10202
  -8969
 -13275
  14293
  23332
   1134
  -4523
  11186
   2495
 -22518
 -14096
  12593
  10743
  -7524
  -2147
  17219
  17584
   -452
 -10557
  -3496
   4038
  -3729
 -12094
   -656
  16846
  15516
  -2824
 -16906
 -14979
    267
  14320
   9019
  -5752
  -9115
   2756
   8892
    866
  -6548
   -418
   8787
   5589
  -3036
  -1841
   1469
  -3464
  -1053
  15674
  20032
  -4121
 -22486
  -5801
  21921
  28506
  11292
  -8144
 -13351
  -2003
  10070
   9695
   4209
    526
  -3016
  -1173
  11894
  15253
  -3117
 -13651
   3360
  12767
  -3135
 -12131
   3274
  17652
  15718
   7795
  -3156
 -17896
 -17733
   7811
  30358
  17890
 -12021
 -15808
   4139
  10359
  -2241
  -8612
  -3989
    667
   7730
  11717
   1689
 -11955
  -9610
    815
   3219
   2397
   3069
  -2182
  -9047
  -1367
   6433
  -6754
 -22636
  -9724
  17020
  24355
  14391
   4597
  -6711
 -15973
  -7239
   9881
   9751
  -8677
 -22740
 -13616
  12504
  27480
   9632
 -18510
 -19983
   7617
  32765
  25861
  -7820
 -26107
  -5098
  16559
   1248
 -18569
  -2973
  19987
  12309
  -6514
  -5783
   2987
  -6640
 -24149
 -18645
  13977
  35850
  17803
 -14880
 -22498
  -6865
   7176
  13194
  11157
  -1209
 -13910
 -13571
  -2849
  11234
  18418
   1731
 -24253
 -15915
  20586
  20241
 -20667
 -28249
  15284
  35759
   -476
 -28584
  -4190
  21135
  -5001
 -37455
 -14781
  27256
  18933
 -18970
 -16519
  13776
  12193
 -13485
  -8449
  23600
  31643
   4908
 -17374
  -9818
  12276
  19383
    548
 -23144
 -19980
   7047
  19324
   1556
 -15639
  -8647
   7566
   5413
 -11150
 -14870
   6586
  24834
  10203
 -14986
 -14766
    967
   4453
    756
   -586
  -9457
 -19507
  -7820
  12630
   6795
 -16813
 -20390
  -2011
  15329
  24401
  20612
  -3348
 -25639
 -17542
   8855
  20945
  11021
  -5721
 -10106
   4643
  17516
   5550
 -17275
 -19615
    175
  13984
   7395
  -9585
 -14607
  -1901
  13372
  10119
  -5661
  -8187
   5948
   7402
 -10592
 -16353
   3698
  14293
  -7659
 -26510
  -9132
  17585
  13317
 -11907
 -14118
   7974
  17661
   3243
  -8855
  -6260
  -3167
  -1493
   5664
   4587
 -11146
 -14431
   5979
  15557
   1447
  -3024
   4067
  -2739
  -9814
   3376
  10065
   1022
   2979
   8743
  -5485
 -11531
  10863
  23939
   3995
 -12666
  -5929
   7104
  13711
  10622
  -5206
 -13704
  -1283
   9999
   2746
  -1398
   6482
   4979
  -7967
 -12232
  -3238
   9816
  19413
  14180
  -9727
 -23608
 -10085
   8572
   3372
 -11578
 -10859
   4737
  15807
  16255
   6340
 -13823
 -26238
  -9515
  16804
  13920
 -13859
 -25739
  -5282
  23226
  28269
   3758
 -23089
 -16928
  12916
  21672
   -578
 -16146
  -5061
  11168
  12461
   -235
 -13205
  -7104
  13778
  19357
  -3021
 -19806
  -6942
  10014
   5291
 -10160
 -13306
  -6135
   3700
  14238
  22094
  16287
  -4375
 -16406
  -2685
  11696
  -1465
 -16618
   2762
  28769
  10834
 -23040
 -14962
  18440
  19410
  -7563
 -13060
   5140
  11374
     51
  -3626
   2868
  -1004
 -14056
 -11367
   5743
   8261
  -4897
  -4452
  13190
  15768
  -4238
 -17324
  -8227
   3197
  -3166
 -11783
   -371
  15168
   7078
 -12242
 -12443
    179
   4207
   7963
  13433
   3306
 -12938
  -6603
  17148
  23875
   6841
 -12911
 -18744
  -7701
   8568
  14857
  11322
   5947
   1162
  -9700
 -18486
 -10542
   6568
  10693
  -2433
 -11273
  -6422
    158
   3676
   9432
  12144
   -391
 -15841
 -13999
    415
   9334
   9881
   3895
  -8107
 -12880
  -2516
   6189
  -4705
 -19288
 -11426
  11402
  17532
   -944
 -13391
   3211
  23744
  13532
 -14103
 -18012
   5538
  21651
  13322
  -1631
  -9133
  -9475
   1160
  15800
  12748
  -8141
 -19326
 -11240
   7042
  18034
   5124
 -18772
 -14080
  18004
  28002
   -745
 -24802
 -16351
   7452
  14284
    228
 -12516
  -5407
   5731
   2453
  -4792
  -2693
  -1030
  -2357
   1309
   8844
  12247
   9242
   -718
 -12646
 -14454
    -28
  10953
   3158
  -8605
   -202
  17239
  13281
  -5651
 -10537
  -2388
  -1644
  -9252
  -7209
   5824
   9938
  -4397
 -19813
 -18244
  -4278
   6710
  13206
  12701
   2207
  -8642
  -5959
   4122
   6362
    400
  -2069
   1727
   7022
   5139
     37
   1809
   4847
  -2600
  -4473
  11718
  19550
  -3633
 -20970
  -2363
  21689
  10084
 -13788
  -9466
  12339
   9802
 -10926
 -11659
  10470
  13137
 -10571
 -21104
   -474
  15404
   2232
 -14992
 -10221
   3715
   7239
    952
  -2835
  -2033
   1098
   3028
