107
-21
-102
69
116
-1
-83
11
-6
9
106
-65
11
93
3
-62
-119
-38
82
27
-53
111
33
-4
77
15
-55
89
70
90
28
90
-1
-120
23
-66
-74
-97
24
58
-105
108
102
31
102
47
-82
111
60
126
-77
21
74
-1
-114
68
-102
78
-105
-36
-71
-57
48
34
-92
16
-4
-73
29
-4
10
92
-1
-25
72
97
107
-41
-116
97
-27
-76
114
117
-16
-48
83
114
49
-119
-122
68
-38
61
12
7
54
86
110
7
-56
-88
52
-66
-98
-89
-84
-80
6
20
-85
-54
-75
63
10
-74
-84
-6
-30
82
-79
52
27
-40
44
-126
-82
-38
62
68
86
-120
3
-31
-55
32
-112
-36
-118
-90
85
-106
78
-108
115
51
15
28
122
-73
43
-116
11
110
84
93
49
-16
48
23
-71
-117
-80
17
71
-9
-33
-107
89
-15
121
64
-122
123
89
70
-40
-17
23
-125
-23
-7
48
24
-108
64
16
-113
-82
84
112
31
-49
118
-61
35
56
-5
-68
-65
-110
82
96
-23
92
60
38
-72
-11
88
53
31
6
-99
-108
35
-99
58
-90
116
-122
94
104
-26
11
-43
111
-30
-95
25
6
63
-21
95
58
-106
55
116
48
121
-49
101
104
-38
67
-1
-65
67
-9
-34
-91
-124
-28
-44
-90
-36
31
-41
-97
94
13
-87
26
103
116
4
-98
5
-123
-112
46
77
74
-67
-4
45
70
66
-74
56
75
1
67
117
-43
87
101
120
-52
33
-84
112
-64
-24
-67
-28
56
-114
-53
-125
-72
-99
-107
-21
25
100
-108
-115
-31
-19
-57
119
-43
-3
-54
52
-32
-94
-10
91
104
-18
1
-84
21
-9
93
-35
85
-72
116
-112
-49
91
-53
101
16
2
41
115
11
-9
18
-41
-19
89
-2
44
108
8
-95
3
62
-77
-101
-82
97
80
-78
57
40
101
26
-4
-114
-68
59
64
54
-125
-16
-74
119
-7
-45
-37
75
42
115
10
44
-20
47
64
-5
21
-34
-90
-73
-107
121
-57
-97
-85
117
-58
0
-31
31
-119
-92
91
-79
-78
44
45
-97
-107
-26
-104
22
64
39
102
-9
-99
-16
73
8
-29
-52
-85
58
-79
-32
-82
-37
-9
-111
72
123
-108
-40
18
112
-73
-114
108
102
-127
-12
90
-24
96
86
37
-43
-70
-76
50
-118
-54
-100
126
118
-29
124
-66
49
84
-18
104
36
-106
55
-32
-118
-109
112
78
-7
99
-44
-41
-92
-62
-33
-126
96
-57
-127
45
-70
120
83
-116
16
29
-112
-30
90
122
-125
-95
-109
97
56
-22
65
73
-61
-55
47
-105
11
71
-72
-18
46
-31
21
-17
63
-49
83
-89
-108
87
-66
5
120
69
37
27
37
-56
-57
47
-28
-65
-124
-27
76
90
55
-25
-27
-95
-6
-119
80
-120
108
94
-101
-51
77
-86
74
72
123
22
-59
80
122
-6
107
104
4
91
42
-84
-22
87
-87
-101
32
43
-118
-97
34
-32
-52
-8
40
126
-38
105
-31
-33
12
-42
124
6
70
110
31
48
-79
-78
50
-110
-123
5
-22
-62
94
105
-93
84
40
21
-73
-98
36
-50
15
-31
-75
-37
-38
25
-1
-90
115
88
-38
21
72
-46
122
-47
120
-6
-105
-91
96
-108
-86
-10
-85
88
-45
-15
-19
-114
0
-80
4
-5
83
57
35
70
86
68
-70
-25
0
119
92
-98
107
85
-11
-48
-4
-102
75
33
-36
58
-60
-26
32
-4
27
66
-119
109
36
-86
-116
-55
-112
125
56
28
-31
-19
78
-76
-49
65
-35
-120
-35
97
-108
26
40
70
17
-21
91
60
114
103
16
12
21
41
49
-46
-74
1
-109
53
-34
-20
-86
44
-116
69
-79
-61
-94
78
-64
-96
127
119
-83
-30
-74
102
-23
14
80
67
76
-14
86
24
-59
-37
-88
-33
-87
-54
-97
-116
67
64
74
78
-1
37
65
-60
71
108
-16
93
-107
0
66
90
124
-32
-41
81
-65
20
11
-73
28
-44
-51
115
-24
-12
-25
-34
-27
20
-45
-16
-71
-98
-100
24
-88
-74
-55
115
11
100
86
77
-20
110
12
-111
50
-83
71
-67
-108
41
33
89
118
-1
11
119
105
72
-110
-110
49
90
-74
-11
-34
-35
-113
86
-87
-127
45
-60
127
20
-120
-28
-40
75
41
103
6
1
52
-71
-40
-48
-19
-20
10
84
-53
-30
-35
12
29
-48
-112
-9
-1
-2
87
108
-40
16
69
28
-77
54
98
-122
-49
124
16
-116
-87
40
33
71
99
55
46
-94
23
-121
-47
109
-2
-10
-19
-44
-91
118
-5
84
37
81
38
100
111
103
-75
119
17
64
32
23
-46
-63
-58
66
-39
-25
-89
20
-120
9
55
3
0
58
-20
54
125
-38
-66
-123
-96
-65
-72
87
32
13
-32
17
3
-71
109
95
-70
-70
-84
-51
9
16
9
98
-33
57
21
104
-47
24
72
71
-15
21
111
126
1
22
-38
-15
-34
71
25
62
125
41
-74
106
52
-57
95
-57
80
83
-47
-33
114
-119
-55
-31
109
86
17
22
3
-59
45
68
-12
-27
-48
-55
25
-15
-25
42
94
67
52
44
-105
-44
123
25
-27
82
119
-45
-103
-114
-100
-104
-35
83
28
-107
84
-17
47
-49
-33
70
68
68
13
-62
125
47
95
-29
-23
89
-94
125
46
-117
-98
101
-33
-81
-60
22
90
29
91
26
16
-98
116
-110
-87
-124
-114
54
-51
107
5
109
91
-38
40
77
116
30
43
-85
-37
-22
48
32
-45
112
48
-59
76
77
-91
104
41
40
26
16
68
36
-95
28
106
25
-37
32
35
50
-112
15
78
20
3
-9
-7
-115
-95
-16
98
41
115
126
-60
-60
-52
-79
48
72
52
-59
-9
17
-95
-36
71
-42
-111
75
100
-35
-21
-97
-125
97
-77
24
27
41
43
-89
-14
-40
93
14
-120
-91
-85
68
-65
-98
-32
-85
0
-6
67
-61
58
35
55
-57
-72
64
-53
61
-13
-97
87
-47
-107
-31
98
58
28
62
-113
-95
126
-24
119
89
84
-96
2
119
3
77
-72
25
-67
-121
18
-28
-43
122
13
-2
-3
47
64
-80
-17
-58
76
-68
76
70
60
107
-22
1
-73
-60
34
-119
-119
26
-73
-123
29
-80
-111
-75
99
13
67
-9
108
90
-6
-6
53
61
121
-39
114
92
36
27
-15
-9
6
114
109
91
77
-18
-121
-30
-6
30
-42
55
44
-31
-90
68
26
110
-51
20
-81
43
-86
17
79
-9
-90
56
95
49
34
1
82
111
88
57
-77
-120
90
75
11
23
-73
-101
41
89
120
-83
70
-110
89
75
1
126
-93
1
29
-111
87
0
-5
-81
48
81
113
90
-26
-9
65
20
3
96
-112
-101
24
-108
4
14
-31
25
2
102
-73
59
-26
-66
-83
24
5
96
-36
-77
-121
-119
82
-120
-121
110
38
45
26
-15
-111
92
-26
-103
49
13
-108
-114
81
-82
-55
-17
-30
32
115
-127
106
-76
120
-76
124
-55
-46
-89
-40
-86
-20
-57
11
99
0
-6
3
53
-71
-102
54
-108
86
-16
74
-44
-98
20
-74
-108
115
23
-90
9
111
75
12
71
-106
-44
108
-20
-10
7
27
-59
-67
-4
-106
-81
101
-19
59
18
-85
71
22
114
-42
3
-59
-110
104
21
-126
-97
-101
-12
100
-18
78
-83
-105
86
-55
-1
-102
69
44
-114
-21
-90
-62
-32
125
81
-49
-3
-91
35
101
121
11
67
-11
-26
-2
-119
-82
-39
84
-110
-19
38
97
-126
-90
-59
-25
-97
76
11
33
-35
3
-20
32
7
-125
-7
62
22
-91
-6
-44
53
45
-93
37
-76
64
-81
-81
28
101
69
88
-122
55
101
14
-83
-24
105
-68
16
46
-70
-125
125
-71
10
62
76
-51
37
82
14
-117
100
-56
-86
-32
-48
105
64
70
-119
118
-114
-1
101
-87
112
22
61
-112
107
52
49
-62
-24
29
-15
118
-26
99
59
33
6
-60
107
-106
82
-103
-94
47
-99
31
84
2
-97
-105
-14
5
107
81
-42
115
-76
84
73
-86
-101
108
12
24
87
110
87
-55
-114
85
114
82
16
-5
-64
-90
-101
-104
106
50
-13
-5
51
76
-66
-101
2
-26
84
-120
87
-49
20
-118
18
-90
52
-24
-41
-87
-78
118
-27
85
-126
97
92
-66
-44
-125
-79
64
-75
47
79
-40
-79
-68
90
-62
93
30
-58
104
52
-6
-57
111
44
-116
-73
-74
58
45
82
-31
-106
13
31
76
29
-55
-26
-72
76
-98
19
31
-53
42
53
-18
80
102
-111
-119
70
-52
-33
-117
-97
-124
-97
0
88
25
56
125
93
78
90
127
-64
43
-11
-114
127
47
57
92
-16
-78
64
-29
-84
127
16
123
-25
106
-41
56
52
104
101
41
-32
-69
61
-68
106
-12
-47
-30
114
-59
-2
9
-71
21
41
-52
-94
-92
97
74
107
43
-47
-14
-65
-97
63
-16
-65
-33
-119
-12
73
59
-18
82
-43
-51
-57
-87
102
-110
-7
-45
113
-100
68
87
87
-61
77
-70
106
26
32
-21
35
87
-6
50
-40
-13
61
63
96
-26
-62
-47
102
105
47
6
112
82
-13
41
39
74
-99
-91
-90
66
90
-63
-29
-20
-26
86
116
-78
-55
9
-48
-39
69
-88
118
-7
95
-33
74
-126
-42
-18
104
-76
-27
97
100
-85
-74
109
100
63
-117
-21
-38
94
-50
70
29
37
56
50
-74
-55
93
79
60
-118
-82
-103
105
-32
-2
-73
-64
126
-51
30
-112
-93
-55
-92
-100
-2
2
39
-126
-24
-111
-37
-117
53
106
4
63
-16
30
61
41
27
-90
101
-24
80
19
77
-51
13
-123
68
-82
-37
-50
-71
80
53
-84
-103
91
-98
44
66
-48
106
126
-88
63
-88
-70
-127
111
-52
88
72
110
65
-67
110
-26
-108
9
-33
-81
-4
-68
-95
91
-41
-26
12
-67
-100
-66
15
76
-100
-16
55
-32
80
-25
87
86
-66
76
-88
-26
89
-16
-52
-18
-97
-15
50
-17
57
-54
-114
-82
46
40
-99
98
-115
64
4
-126
-92
-71
-102
-22
-102
-87
52
-91
-30
126
27
124
29
23
43
-22
14
-105
57
-100
-41
99
-120
75
-60
101
-85
81
20
73
118
-126
119
-71
67
-55
-116
27
-109
-62
61
-111
98
-26
-3
-113
-80
-78
-97
85
-16
126
-81
42
-76
40
27
112
-64
-125
-11
61
-126
105
-59
-51
62
112
27
-84
31
84
98
-5
-16
78
-68
125
113
-75
3
-58
-117
-103
-45
16
91
97
-10
48
21
109
48
55
-100
-49
-12
24
-92
50
-45
-5
-53
43
-21
75
18
7
40
-25
44
-90
-63
44
59
-37
-56
-53
-105
-93
37
-112
-41
9
-88
69
-79
117
-91
9
78
9
-124
-118
-25
-111
-95
1
21
-37
-124
98
106
-19
78
117
106
40
-35
53
66
-30
42
43
-99
25
60
-114
24
-91
-19
-110
-122
-115
67
-8
-110
66
56
-80
87
-67
108
1
-83
-26
-114
72
-3
-1
67
-65
59
-38
-93
59
-29
-25
-115
-84
-113
-34
71
-74
-45
-52
-120
-11
125
-75
-32
0
-43
-87
-110
107
-64
-102
-3
26
-70
-101
67
-54
18
-96
-83
111
-74
-38
-40
6
-20
-90
-74
81
15
90
-120
-30
102
68
-71
-6
21
-93
-73
-84
-49
4
52
100
-20
-49
65
103
78
-106
-97
124
-116
83
3
-84
8
20
-53
-72
-106
25
58
59
25
40
122
98
89
-50
61
-13
55
28
15
-42
3
-100
1
29
5
-88
-90
80
-63
-31
-51
-17
-108
-65
-30
-7
-98
-112
40
-49
9
-96
10
37
-84
20
-107
84
-71
-20
126
5
-126
-12
74
4
-5
-44
-103
-3
106
-100
-8
103
-117
39
70
13
61
4
93
17
-4
-95
57
87
-36
-109
93
13
-109
-52
-26
39
-113
5
-57
-74
57
117
-96
-6
108
126
-95
47
84
2
75
106
77
-50
9
-126
-65
-62
38
76
13
-32
100
45
-89
19
-70
-23
-119
-44
16
-94
-44
-124
90
16
-125
-51
-97
38
18
47
-91
19
-119
67
36
60
-65
70
49
108
-102
110
-66
72
-81
-33
-118
-96
108
18
-87
71
65
95
-37
-105
-60
95
28
-65
48
18
96
82
-14
-2
65
112
63
32
87
30
33
72
-41
-98
107
3
96
-6
10
-92
113
19
-87
21
80
62
63
-89
-83
-19
-9
-106
-109
-125
45
4
59
-104
113
19
-98
-122
-37
-104
-39
-18
50
46
5
-74
-46
-27
96
33
-33
-108
59
3
-94
29
-54
30
86
17
-38
-66
57
-30
-81
-105
-21
44
36
-21
124
43
-85
25
-78
-75
-32
-53
-67
-124
-42
-16
-111
-73
-32
-95
66
18
-21
-64
-113
102
80
-103
-24
-54
113
32
18
73
-99
-56
123
71
85
99
55
-9
69
-43
-38
-54
-55
-48
-66
-125
-83
72
-60
120
112
89
-90
95
-80
93
1
51
45
-97
-100
-2
98
-125
-123
-77
41
-19
84
-107
-124
-115
22
42
83
28
-50
13
-84
-77
48
-78
-6
67
-65
27
-94
123
-24
-6
-22
3
102
-52
125
-73
60
51
45
-22
90
-121
61
-71
-35
-65
-106
16
16
-42
-107
-40
52
-108
51
58
-4
-19
-52
112
-107
115
-45
116
-106
-1
-39
25
-44
-76
-4
-75
73
1
104
64
118
95
-122
-47
108
-61
76
-97
27
95
-42
54
-119
-94
5
-16
97
80
82
24
68
-6
-9
118
20
6
-18
-75
-66
67
-39
110
14
-66
108
16
71
-74
126
113
-76
111
92
-125
122
-94
-74
-17
-109
48
78
-13
0
-108
76
-111
96
127
-73
-35
-77
99
82
64
-63
16
-60
24
-102
83
-121
-38
118
13
104
-23
-75
-26
-71
-71
-21
48
-9
-48
-35
-25
77
109
-106
-11
23
-16
60
-76
16
-65
-31
63
114
23
56
35
2
42
-86
105
26
-59
26
117
7
-1
-15
-94
-123
-59
68
106
-73
-87
112
-57
30
81
-115
45
121
-84
-27
-27
51
94
-77
46
107
-45
36
-108
2
-114
-51
-21
-100
93
-90
-56
101
113
40
-53
107
110
-72
33
47
-49
-66
-44
-99
-2
21
-121
-49
118
-115
-87
22
-54
-47
106
14
-22
5
8
-75
-29
12
17
-89
-75
-31
-86
-106
-62
94
-115
-117
19
26
-58
-37
74
-11
64
-85
-92
117
-52
49
27
52
-28
-106
86
14
-112
-69
-105
49
115
101
-107
-121
19
-12
-3
-86
-99
46
-49
39
51
-43
-107
-48
-116
75
-38
-68
-94
-67
111
32
-39
-55
62
-32
64
50
122
-76
-94
-67
6
-9
121
-73
-75
-77
71
-70
48
-76
79
17
60
-125
-48
-51
-56
-95
-32
111
-34
-51
58
-94
-94
111
79
-69
62
-3
-75
73
39
-71
-38
-78
105
-57
-32
82
-107
100
44
80
78
20
-26
6
-82
-87
28
-14
99
-41
-44
-61
109
-115
61
-55
87
-73
-66
49
110
-116
-59
-120
-31
118
-109
-10
-62
-54
-115
-120
-31
38
83
64
104
-54
127
64
-17
-90
86
88
-26
124
-88
12
44
-30
70
-14
43
-68
21
64
-43
-32
-108
-13
88
-125
108
4
112
52
-79
-104
68
-48
-31
-64
-8
71
78
50
-80
-113
-27
122
-55
-28
-9
-69
-42
80
-11
58
-88
48
105
-15
-77
-121
-43
120
96
71
-36
69
-56
-71
33
-17
20
21
-39
95
37
-36
-29
5
-32
124
-2
39
-70
-92
-4
-59
-55
106
-26
-43
38
36
12
11
-112
61
-117
99
-80
-102
82
92
-31
33
47
-32
4
18
-46
-43
-100
92
-21
27
-49
53
115
-39
78
-63
36
90
97
-59
-55
18
-3
-71
-17
78
-122
-12
1
111
-121
-34
111
83
81
-21
-83
88
67
50
-39
-98
123
65
89
-72
58
-62
-50
70
19
57
73
-90
-45
-95
11
-33
8
106
-106
39
-82
-46
36
-94
92
-105
-56
15
30
96
44
79
-47
-71
42
-10
51
-42
26
-38
15
-124
40
1
-69
36
94
9
-47
-55
59
-65
64
11
42
-14
-114
51
-78
35
57
-40
-24
61
-25
116
-13
-81
121
-117
-76
-121
114
-123
0
-107
63
-35
54
71
83
-114
-40
-120
30
-7
-43
73
35
-94
-109
-73
14
-34
-43
-51
-47
81
-51
-47
97
-1
27
-19
-93
-91
105
118
43
-96
-107
62
-83
-54
-3
53
112
127
-96
79
27
115
118
14
-57
50
-83
-86
98
-25
-86
-41
-19
39
81
118
-85
118
-33
22
-47
-103
-46
40
61
111
-122
68
127
44
58
-120
-107
73
16
-17
79
-99
-7
3
88
-9
93
-71
-19
-79
-36
68
-9
60
84
-115
28
112
70
-95
8
1
-106
92
7
4
6
-121
-125
5
-107
5
-105
33
-117
78
21
-125
44
-35
-97
110
22
-27
53
-57
-83
-88
49
126
-13
-5
124
126
8
59
90
-13
-45
-77
40
-67
119
73
99
40
-77
-16
-37
-5
97
71
86
-35
-23
-69
127
118
102
-1
-42
-99
17
-67
48
80
14
-84
26
6
-118
17
23
14
-16
-105
88
102
112
-80
107
118
-90
92
-43
-95
-1
62
1
38
-73
-41
-20
-118
-15
51
-82
107
-10
110
118
-66
111
100
-88
-68
49
-71
34
22
79
116
5
75
-33
19
-52
-83
78
-27
-115
11
8
2
100
89
90
97
-90
-92
35
115
-71
-21
92
82
31
76
83
16
-57
0
84
89
-98
-29
-67
-34
78
83
97
-22
78
-98
-87
-53
-36
14
107
-21
64
-30
41
80
-65
-53
122
-25
-29
74
52
63
-41
-72
43
124
10
101
-40
70
-10
59
80
13
110
114
-70
-106
48
-98
2
94
-115
-73
-18
24
104
-41
37
-19
-26
90
33
86
-86
5
49
-103
-2
50
26
-125
68
54
-120
-108
35
113
77
103
-21
-31
91
-78
92
21
-2
9
68
124
-3
108
22
111
52
112
123
24
50
50
-92
118
-59
-72
-39
-18
-30
6
-66
118
56
35
-32
-39
-32
13
46
60
-18
-72
103
-126
4
-27
108
-84
-117
-68
20
-4
-95
-79
36
92
-57
35
15
46
-59
-51
-7
-1
75
20
99
6
-91
-7
43
-7
41
-80
5
48
-89
64
-2
-111
34
62
-86
-89
-76
-80
-46
22
-123
25
-48
46
-63
-37
81
-7
-67
-73
105
-52
117
60
-64
37
52
37
-127
82
30
58
-112
-62
-84
87
104
-123
-1
28
35
75
25
57
-73
-96
94
50
-28
30
-79
-25
16
17
-63
-51
-23
94
19
-34
13
-26
-103
21
106
78
122
7
8
-72
-21
85
-71
95
113
-37
13
-86
124
122
102
-65
92
94
-72
-107
-21
45
-116
22
-69
-60
101
126
-126
115
24
4
-120
-48
82
-79
-62
-121
116
-72
-41
-30
-51
-90
41
-72
3
-111
-29
-114
69
115
39
-82
84
116
-64
0
123
-118
-82
41
-118
11
-96
-7
44
98
10
-116
76
106
108
-83
70
-122
50
-113
85
24
5
-77
29
54
104
99
31
-29
81
107
-107
-74
114
-119
-43
35
2
-62
-111
51
28
-116
111
15
77
-69
-80
-17
-55
81
116
-101
-41
81
62
-95
-41
-82
-120
-96
12
-94
88
47
-7
-47
8
-114
-116
35
40
-36
-56
112
-8
-126
0
-77
18
-79
82
32
-112
-61
-100
-12
-122
123
-101
-7
-63
-124
-70
14
28
-74
-15
63
35
-30
50
-26
-59
122
-117
51
7
65
29
-59
-85
-100
77
11
32
74
0
-73
0
34
-79
-41
69
35
-109
65
-31
78
91
-56
-51
64
-6
-124
-46
120
88
110
126
-6
0
-52
124
-67
-48
-85
-95
-46
-11
58
-3
104
61
92
-71
2
-84
-35
87
-83
100
-86
-30
102
61
32
-36
47
67
-112
9
75
-32
-55
-16
-125
12
68
112
-46
117
-73
12
-18
14
-125
6
99
125
-34
0
84
-104
-111
75
95
-84
-91
75
-73
24
-102
39
-117
-109
85
102
58
29
-33
43
-37
97
-6
121
-4
-55
41
-35
-77
72
61
-41
-74
-50
99
42
70
47
-94
89
32
13
-88
-35
6
36
-70
-119
-110
34
41
-35
-32
-61
-59
-52
-117
114
105
-60
-36
17
31
-54
-66
-113
-83
71
-44
-3
-22
-106
-21
-40
10
-124
30
49
73
-49
72
-109
80
-110
-103
98
89
-21
-25
51
-121
-16
-104
-22
62
-29
109
86
7
-86
106
4
-38
0
-59
60
7
-120
-115
-32
-103
40
-39
26
-40
65
5
-11
126
82
112
93
103
10
-60
72
75
-52
-90
46
-54
10
-24
-67
97
-42
-112
45
-116
-55
78
-106
-84
125
121
105
41
89
65
83
-54
26
91
-55
-117
-81
-48
69
7
-32
1
-60
-5
7
85
-57
-54
-122
-69
-20
-50
-24
-86
-41
51
0
34
-27
-37
75
-122
29
-3
6
-52
115
-75
64
-56
45
47
50
85
-102
-56
121
55
-94
-5
85
117
21
-10
-30
37
96
56
7
-108
37
106
2
-75
-98
-43
122
86
-112
-91
22
-10
50
-88
13
34
54
-15
124
-24
104
125
-75
15
30
-66
-93
94
120
-29
-38
74
-30
65
-69
102
111
80
-115
-114
21
-7
75
-63
-118
-96
23
32
-127
-23
113
-109
-37
-115
49
93
118
-77
2
13
109
-105
-13
71
-90
-18
53
9
95
-51
109
-91
108
125
77
-27
-98
-74
100
12
-101
-58
-125
-43
-65
-48
-91
21
67
-111
-99
86
107
23
-60
-99
80
-122
-120
38
-31
25
-106
-46
-113
-69
-91
-7
-122
-11
-53
112
46
74
23
52
-68
25
69
-97
-28
-51
-26
30
-83
37
-112
-75
-34
-22
-99
110
-40
99
125
-50
72
-92
49
-33
0
109
111
34
-56
-122
73
76
42
113
58
78
78
-52
-30
-120
-47
-73
36
-70
-54
-85
-13
47
-13
9
-86
112
66
62
-68
-66
80
-61
88
125
-12
-71
85
62
-28
-18
-105
-45
101
-83
-5
125
-124
-14
-2
-106
-124
87
78
-120
66
-44
5
41
122
7
-54
122
95
-91
114
25
-69
-92
-46
47
-31
-66
-2
-84
-3
-67
33
-45
62
-105
115
-9
15
59
-3
116
102
97
14
7
44
74
-116
-1
-82
-28
-24
-10
10
-105
103
110
45
-36
-70
37
111
31
117
-119
114
-118
54
6
-71
63
-15
114
-29
-122
123
-44
111
-98
16
15
-113
-37
93
-90
6
-20
-16
-92
-73
-78
-52
120
-67
122
-120
-51
0
-126
18
33
-14
-57
68
89
-29
36
73
-98
31
11
0
25
-109
122
66
-48
13
124
32
68
-95
103
103
-111
33
-58
126
-39
-100
65
123
71
-122
5
86
102
79
-45
81
-41
27
-80
44
-17
-83
43
-35
-26
30
-26
-68
-23
44
-117
99
-56
13
35
-14
-27
99
90
-85
95
95
18
-59
41
47
11
-74
20
-116
65
99
38
-73
-6
126
-47
-88
9
96
40
-113
-13
37
-68
-91
-35
4
58
55
-24
34
-97
14
107
-115
-83
119
-122
-58
68
26
58
74
-95
19
-64
125
-116
-58
69
-85
-40
-110
-58
-11
69
38
113
-17
-47
-27
-100
88
44
-23
83
-105
59
57
-77
-114
66
-74
-100
-42
126
15
-35
-85
9
118
-10
-77
90
69
-75
-93
53
46
8
31
108
-44
-101
-75
-26
92
100
-52
87
-101
108
24
-73
-8
56
116
92
88
-125
-102
68
-119
105
-80
-124
64
-14
49
-80
-85
-103
-120
-14
94
-78
-112
-76
-58
68
-22
46
69
-88
37
1
65
26
83
94
-84
64
30
120
-36
30
9
-94
50
-49
-88
113
-48
44
-94
-124
-39
-96
94
-60
13
-55
68
-20
-109
-79
-71
-89
-85
-56
-38
81
-18
43
-114
24
104
-95
66
60
1
-120
-50
-91
91
-40
119
-52
51
73
59
69
14
39
40
40
-122
-115
-46
88
61
-90
18
-94
108
114
19
117
-92
44
-44
-55
45
4
43
86
45
-27
-102
-103
-55
96
82
-113
28
-15
12
53
26
121
56
-63
-29
21
-98
-72
112
123
-95
5
24
-71
-100
69
1
112
55
-43
-51
65
124
-89
29
-57
50
15
-115
103
64
-77
37
-40
-36
124
-2
102
-25
74
-29
-84
-53
83
-81
24
123
-21
-31
22
86
105
104
-66
-43
-82
-34
-36
91
-96
38
22
-70
1
19
-50
-86
55
-63
48
-100
125
-110
42
-51
43
120
123
-99
-6
97
99
66
-10
83
79
-46
42
-64
-121
85
6
95
-35
-89
-70
-3
-98
-67
-72
-48
41
-1
-107
105
-121
-63
105
-36
35
40
-12
21
-79
-4
-26
-64
-95
-49
-36
-1
-92
-119
108
105
123
109
-107
106
124
58
-123
-34
5
80
96
9
107
26
-3
-24
-78
23
-62
61
-40
81
95
11
-51
105
-113
10
19
-87
12
96
-47
10
-113
-91
-43
-42
79
106
-77
19
-46
-105
115
20
43
-22
50
71
-80
47
101
-112
-114
-52
87
-109
57
-5
-109
34
106
-33
57
71
-41
-58
-91
-89
73
-124
49
68
90
-37
7
16
81
123
59
82
-40
-8
-49
64
41
126
3
-93
96
-54
69
101
-38
99
75
52
65
-122
-119
98
19
-38
12
87
-9
52
-10
-21
-28
127
65
-21
75
-119
93
60
7
46
106
14
83
114
45
0
119
-14
79
84
-36
1
99
26
-18
11
-89
-18
3
-89
122
49
-2
-45
90
-5
48
96
93
-116
39
-59
80
30
113
32
25
-18
41
-84
37
58
-108
125
122
84
64
122
-11
103
125
16
28
-26
-72
-40
115
-30
-98
77
51
11
-112
48
-10
79
9
-114
100
-115
-22
33
63
125
-20
105
-80
27
67
41
-122
12
-12
77
-99
-26
-25
-84
-102
-74
54
45
100
-95
78
-71
-110
-31
74
-61
37
4
-36
-74
65
-1
-62
-54
100
-36
-39
10
80
-15
-48
-108
-16
-18
-110
-106
-105
-49
-24
40
35
11
70
-1
103
-19
127
18
-75
-70
54
-52
-55
-3
-67
-17
-2
74
66
23
91
97
12
-36
51
112
124
63
58
27
-30
-53
-108
-2
50
-28
50
109
-93
25
27
-111
-20
47
45
22
-48
96
51
-33
24
70
70
30
26
-49
-39
47
25
42
33
106
68
20
-121
59
-123
58
-47
-111
-88
16
-100
-54
59
-104
-17
115
-64
-3
55
44
-84
-95
-112
102
117
-22
-86
106
-100
38
28
66
-6
-25
-106
-14
-59
-49
84
-36
-88
-32
16
-48
-30
-102
55
18
54
71
-81
125
-17
-85
42
79
68
44
-35
2
-105
99
72
109
53
69
-46
20
112
-26
38
-15
123
85
-77
52
54
80
-41
-3
47
-104
22
21
-124
-51
-69
-87
-75
96
65
-83
-24
52
-50
-31
104
-73
-32
92
-32
98
-27
123
106
-57
-77
41
93
30
24
110
48
80
100
-60
-88
112
-55
56
-64
-122
54
67
115
114
101
-124
-11
91
-21
-40
18
-17
52
-91
-53
9
34
91
99
-62
35
95
8
44
114
-39
-84
99
-76
87
-93
12
57
7
-96
-39
11
38
120
69
23
-36
-47
96
49
42
-91
-98
67
-111
-111
-85
-14
-39
6
111
-117
75
-43
-20
73
99
-53
-115
13
-94
-84
-42
-9
-23
87
-74
29
-78
21
86
-105
125
-85
15
34
-6
-34
-89
21
52
93
27
-17
70
-41
-103
-53
56
-97
-107
-75
-104
-19
-122
-13
15
29
5
-8
1
-21
-14
-35
75
-65
-102
88
4
-55
-27
5
-68
61
119
-53
-105
-4
-96
77
-101
-45
30
-126
-77
26
98
-14
48
-99
-56
59
-62
71
-93
109
-1
-100
35
-93
44
61
22
3
24
-100
9
-35
112
74
-125
38
10
-3
115
-40
-28
-44
116
-127
-53
81
102
-9
8
0
46
9
-43
-54
15
-34
-57
-81
116
126
-114
-20
6
-121
-75
61
33
10
19
-120
-62
84
-46
39
44
-4
-25
39
80
10
-62
-82
-6
-61
-96
106
68
74
3
85
87
-107
-122
2
36
-86
19
41
-50
39
32
-50
-38
100
-53
-105
0
0
28
-28
37
59
112
-28
-66
-85
29
-30
-23
-6
-56
-104
-4
-55
71
-1
-93
99
-119
-9
101
96
-40
-44
119
-72
-55
-3
-49
6
72
17
107
-28
-61
-84
99
26
-44
40
-60
-78
-115
-75
-49
106
-100
41
-9
-67
-122
-34
41
-18
69
-87
84
116
25
25
-42
-101
25
-6
-123
119
-111
-31
78
-125
33
92
-93
-48
38
-63
-37
-109
-85
-58
50
-29
103
41
104
3
82
-22
-24
-47
-127
-52
-54
-27
65
12
100
63
116
42
-15
83
31
61
-22
44
-121
38
20
-6
96
31
-72
-36
96
2
-21
-29
-120
-25
63
-102
44
-96
39
-60
65
-112
63
-94
-104
-118
-41
-102
114
-80
-16
-84
-76
14
2
-37
62
119
-14
95
40
44
-60
50
-8
50
-113
68
-116
107
-40
124
-51
25
35
-118
9
-62
-75
-80
77
-45
49
53
115
95
-14
37
-8
68
-43
6
-48
103
118
-119
-120
86
93
-116
42
-65
11
12
21
-96
-45
-107
-81
-21
61
63
87
-93
-25
61
-125
80
-34
-112
46
-38
109
-43
11
87
68
-86
98
70
-16
-33
34
-5
27
58
57
90
-7
-58
-55
-45
-65
-83
-34
-114
-96
-101
-113
33
6
-104
-44
-31
112
104
43
-119
-32
76
13
64
86
0
109
-33
-72
-99
-88
68
-57
-85
-81
73
-36
-118
122
10
52
15
-29
-74
45
-73
90
-58
36
-83
92
105
33
110
-50
-56
93
120
71
-8
-93
-88
120
-18
-47
-53
29
83
-2
89
-34
56
71
68
-54
-77
121
-19
117
26
-21
100
34
53
21
29
30
57
-50
40
17
103
10
-87
37
124
-27
98
9
53
-4
-54
110
4
-115
44
34
-89
37
60
56
-24
45
-30
-91
1
29
-125
-46
-65
13
-51
-21
-111
127
-81
-127
126
105
39
106
14
47
33
-71
53
-107
99
74
-82
29
-95
37
-126
47
72
-76
97
-74
92
-59
-112
5
-9
-80
-67
16
78
88
-97
-42
101
-59
-85
-109
37
43
1
-81
-27
-118
-65
122
68
-26
62
-34
89
-99
-93
61
63
-123
17
63
111
-101
12
-43
-27
-56
-50
102
-97
87
3
70
-45
47
-118
18
-65
80
-66
-103
100
62
93
35
15
33
15
-30
-62
77
-87
-64
105
-46
108
86
-89
-123
31
-2
-127
-60
56
90
-99
98
29
-26
35
106
-118
28
-87
-82
100
-59
-75
74
17
115
-60
-30
30
-70
25
-87
-20
33
93
-75
9
-27
92
34
-38
-124
-41
118
-56
-65
17
39
-80
62
7
-3
97
70
120
-92
-17
52
-41
-78
-119
115
-5
-58
-105
-16
83
-13
-99
1
-68
-3
-87
3
-31
67
30
25
78
4
-92
106
27
-113
59
70
-27
90
-62
-117
69
17
6
23
-99
-12
103
51
-93
-9
70
-13
23
-34
-6
118
48
93
-18
-111
-13
-92
90
-93
-83
14
33
-125
20
-13
-64
22
4
35
-6
46
4
79
62
20
107
3
-99
-5
0
-70
32
-46
-3
54
85
37
17
126
111
61
64
124
-76
-47
120
6
-16
-85
-13
12
84
-38
22
119
88
-112
-86
115
116
5
53
60
-90
35
-33
-91
-26
95
-114
115
-111
-89
32
11
-97
-15
62
84
-48
106
70
36
-10
-102
11
-40
38
-46
-126
-92
47
87
30
2
-58
62
53
-63
-7
29
-37
52
2
63
-113
13
89
-108
18
-89
-63
75
-24
15
-66
41
-89
41
3
118
-110
108
121
63
-34
-118
-115
-127
101
1
48
60
99
-42
-37
68
-91
-58
42
-19
-48
-10
-28
20
102
2
-107
-126
-16
-70
9
88
15
6
86
-113
-80
-68
-18
-13
6
-41
-96
-104
-16
-67
-55
-54
-125
69
36
0
115
-56
-15
52
-50
47
-50
-103
-72
125
78
-37
-42
26
9
-91
-79
-29
-42
-117
17
-77
96
52
115
21
-58
-15
-115
38
1
37
-119
121
-97
-20
57
-118
-50
71
-4
-105
120
-120
4
0
75
-57
-11
-49
-91
53
-91
-3
-53
-20
-121
100
-91
58
44
-4
-58
118
22
6
-114
-119
39
-41
-99
18
88
110
-25
47
-121
10
-104
105
-105
84
82
22
74
84
-94
-56
56
79
109
40
-20
19
-98
-97
-19
67
-18
-120
-120
-102
-109
-120
-101
11
51
60
-82
-121
61
59
102
20
99
-42
118
17
-1
49
106
-70
-114
-95
46
-42
-113
-26
-78
-89
91
-1
8
-122
-102
44
70
-5
-123
29
-93
-43
-32
94
-58
-84
-87
-99
-105
-116
65
107
-22
-47
-25
-25
46
76
35
28
-50
-74
-93
0
107
-53
79
-36
39
-48
64
100
102
-8
-83
101
-104
86
-20
36
-29
57
-94
90
82
-16
30
123
-113
87
-49
82
32
24
-120
22
65
48
29
88
-104
-35
21
-124
50
-127
114
83
-115
-8
112
111
-35
-10
47
0
105
-86
39
-60
93
87
-29
91
-33
-78
104
23
89
-114
122
25
-80
83
124
-52
42
45
75
-81
29
18
59
-88
-22
80
15
60
-3
-55
28
-80
-114
57
-34
43
-14
-95
-112
-40
40
-53
-104
66
-21
38
-120
23
-53
-100
-6
55
90
-36
92
-119
-21
-115
79
-33
100
-12
-99
-26
-14
44
11
107
93
-106
-97
-4
-41
94
-82
-100
5
-102
73
82
69
-29
-79
-84
20
-67
108
-49
-3
126
-88
-87
57
30
-8
123
-74
-36
-76
43
-21
-53
-118
78
-112
82
-79
53
-59
127
121
126
-65
125
-89
84
122
0
0
96
22
32
86
29
60
-20
87
77
97
-58
65
57
-101
-74
120
124
47
-98
-52
-6
-106
106
-27
-54
-28
-2
-101
120
80
-104
-59
-123
-82
35
26
-33
-28
20
49
-72
-86
-40
-26
-28
-27
-93
34
-61
89
-30
-98
71
-1
75
47
111
73
-87
-99
15
-94
51
104
-113
30
-101
55
53
-119
59
-95
-117
11
65
-64
54
42
58
-113
96
-57
55
60
-80
-62
6
-11
15
34
-107
32
-59
21
38
-37
-51
-32
16
103
114
-69
106
98
123
96
96
31
-70
-94
95
13
72
35
-54
-122
63
31
-33
77
78
-59
64
30
-17
-93
-111
-49
66
7
-40
4
19
-57
105
-3
-49
-88
51
-99
116
9
-67
-63
-111
-20
24
71
14
24
-127
48
120
33
-59
64
-15
-46
-20
-53
-103
-121
-102
-16
118
-32
-69
-43
36
34
-31
-80
19
90
-32
-31
96
78
-122
-107
-121
15
-76
102
19
-80
75
125
-49
5
47
-63
64
-103
112
53
-116
-12
-43
-72
67
-92
-31
22
82
-33
-107
93
-19
21
98
-119
34
114
3
-10
96
13
-81
-57
60
-120
61
-59
80
-82
120
-5
77
-66
-55
86
-40
-41
-12
-101
18
111
-3
-100
-73
-116
-88
-115
-24
73
-45
125
-16
-10
-9
-98
38
-118
66
26
-94
-28
-88
-5
86
-14
8
1
101
-65
-81
116
-30
63
-107
-120
-48
113
29
40
92
-41
112
9
-6
-5
-54
1
-114
48
-73
93
-57
33
2
72
-16
106
38
-2
27
33
100
29
18
-46
80
-44
76
-6
-84
26
-13
-79
70
-105
-103
17
-126
-114
-21
-109
28
105
-119
-106
3
92
-105
83
-9
-101
23
71
104
82
69
-88
-83
-54
-55
-32
100
-90
85
-42
-4
-7
101
-66
-17
34
-22
-101
3
58
-75
-69
-94
94
17
28
98
66
-49
0
-34
13
66
25
41
70
89
-51
-119
6
112
12
-19
-10
6
106
-25
-21
-25
-73
71
-118
92
-107
7
-27
-5
-111
70
27
93
-5
-25
-122
0
56
-85
-52
-49
107
88
-52
93
-6
-69
10
18
-113
-88
-21
-1
-119
-26
-121
-105
-13
73
-122
80
88
4
-18
53
-69
115
-75
-53
-41
20
-13
89
104
-68
11
99
-33
15
-35
15
-28
25
15
70
-16
61
-45
-44
68
-57
-61
95
104
107
110
-36
56
91
98
-5
34
-79
78
54
58
-44
38
-120
92
12
-44
57
-82
-53
-122
21
-22
49
-45
-9
22
78
94
75
-36
63
126
100
6
-88
-59
123
-42
-75
79
44
-31
-113
-14
-88
109
-126
-63
78
86
-66
55
-94
15
-32
-31
95
93
-89
-125
-96
-83
121
1
-109
1
-1
-50
124
53
34
-120
-119
3
120
-32
40
52
-77
124
-91
127
-102
69
34
-94
-57
-51
105
90
-104
-86
-21
31
-58
6
0
87
-20
-108
60
-92
-12
-14
89
-29
43
65
91
29
39
-1
-22
23
-22
-55
50
3
27
-84
112
-87
40
36
19
32
-109
-107
117
39
32
50
-108
-75
104
-45
-57
84
38
82
111
63
103
18
-60
-102
-15
22
-9
28
58
-33
-40
75
-27
-113
-20
13
-124
33
67
-41
72
-26
30
-73
20
-67
-10
-88
-87
25
-71
-79
57
-35
114
-89
-32
100
-100
31
43
120
49
20
123
107
82
-72
-55
83
-41
-109
-86
118
113
-56
9
104
-91
8
9
-84
-32
66
-39
-67
-116
-74
-117
-42
-81
-98
50
-11
122
84
86
-79
23
24
41
-74
-36
46
-55
121
-36
95
22
-62
-30
-85
-96
-62
13
65
-59
-110
-33
-79
-125
-31
106
55
101
114
-30
-50
-44
-48
-3
5
102
-6
-84
123
108
56
5
33
107
121
-94
56
78
0
-69
-95
-126
104
28
69
-5
-118
45
80
-116
121
-74
-73
122
77
3
35
113
51
-107
-60
-112
6
-18
20
55
-104
-44
-75
102
75
21
98
86
49
-61
-110
-111
102
-5
3
103
-79
96
-51
92
71
-8
97
1
-61
-87
13
-23
109
-84
-61
-126
-65
-42
-57
-24
-94
-19
111
14
83
92
-68
20
-70
-112
-38
108
92
-25
101
68
-2
-111
16
70
122
72
-27
-28
56
-20
125
-87
-38
5
81
-30
16
-120
-47
47
-18
-125
14
17
-71
-16
-3
81
-7
-35
-118
54
10
-36
-55
55
35
-119
-93
18
-112
90
117
-78
89
89
71
82
-89
-78
91
125
108
-86
-84
-77
-91
17
-18
1
91
-85
-27
97
25
-36
102
-1
-36
-86
91
87
-124
19
-10
126
-47
15
-98
-81
32
-14
16
19
-105
35
-57
1
-58
46
119
-37
43
99
-76
-108
84
65
-122
-122
-12
58
-53
-97
-126
101
-74
-29
112
-81
-92
-112
-31
-17
6
121
-40
-109
-111
-74
-62
-86
89
18
7
74
-103
-76
98
-66
10
-126
37
-24
-85
4
-109
60
51
-73
13
-99
-109
82
-78
90
-36
3
-50
99
-17
33
-41
97
14
-22
39
5
100
-7
-23
-17
123
87
-97
69
-123
-62
10
-36
-113
-45
-18
-55
81
-29
88
-25
-36
-58
84
96
28
90
-86
11
25
32
22
-52
55
-95
102
95
-64
-23
7
18
-13
-10
89
-125
-45
49
27
46
-81
-83
11
15
-48
-58
-4
54
-119
-115
-102
-80
65
43
-68
18
-51
9
80
18
13
25
125
-41
56
-51
62
-15
-81
26
82
92
-121
-60
23
-109
107
88
17
54
-107
1
23
96
-72
70
-54
-60
84
16
3
-120
-48
52
114
124
-126
86
66
-30
-32
45
53
13
105
-47
21
-11
5
30
-60
54
-1
-82
79
85
-76
107
102
7
78
-69
-126
110
58
-26
63
-72
-15
-34
-69
-62
127
-89
-96
-76
106
-121
-69
18
-4
23
-108
-50
40
-41
39
116
72
-60
78
-20
98
-53
20
-1
-5
13
13
-64
-63
-85
-111
-83
34
-56
26
42
-59
-43
-113
36
106
92
96
-48
78
55
3
-21
110
-56
-6
35
-117
-72
-78
39
7
89
31
-109
0
66
45
-37
59
-104
4
65
-78
-106
-53
-125
-109
28
-48
-105
122
-83
-98
68
98
124
55
-114
-64
87
96
-112
94
-86
113
126
9
43
110
43
-92
-24
-81
44
-58
81
-5
-81
-73
27
110
-124
-59
-108
40
-80
-69
107
-35
121
82
58
99
38
-22
-28
30
-5
112
6
30
-93
3
-59
-98
-87
-111
78
0
-92
-20
-56
101
10
-37
-61
-16
-34
-118
123
123
80
110
97
-70
-98
96
-34
-99
103
-51
-40
78
-106
-87
-76
-63
-31
98
-81
87
4
119
-75
40
83
-74
69
-116
76
-78
-102
64
116
-91
116
-11
-3
111
-3
-59
-28
45
-54
0
-35
-89
32
-71
-99
-12
-25
-15
-41
98
-59
10
-63
61
40
73
117
-110
-86
64
-66
-35
-59
-12
106
30
-58
125
109
-54
-44
26
-91
-109
92
-49
-55
69
-63
-94
-86
42
50
-85
-113
105
-28
11
108
48
-3
62
115
90
66
114
-27
45
-25
-46
41
-64
69
2
-110
-51
111
80
64
50
42
72
60
88
95
-93
-73
-16
-16
-87
75
-73
-2
-104
-52
22
23
-120
25
-7
85
-64
-12
1
58
-101
85
-32
2
-23
-43
126
-53
-30
117
108
122
74
-42
12
-93
-21
35
-122
-94
-29
54
-3
40
-121
44
-77
-35
31
12
-87
104
110
-9
-101
-22
73
99
-77
-5
-44
-48
-125
31
43
-12
-58
-86
104
-116
-64
102
58
87
-43
51
36
-102
-37
-118
-100
-115
68
85
63
12
25
76
47
-106
33
30
15
-50
-114
103
-103
11
68
87
59
122
40
-73
-36
110
-66
-19
-86
-81
-108
82
-105
-97
-28
124
44
67
63
-70
2
59
79
-22
121
126
-19
68
-51
-84
32
-66
-1
9
68
-100
106
-44
-92
70
-112
-31
-48
105
-88
-56
125
45
75
-115
-76
-35
-87
-88
-127
-21
116
38
-13
-127
53
92
63
3
-12
-112
-119
107
-61
-55
72
-105
-55
66
13
36
-75
-30
-59
-96
91
-44
-112
-53
-10
-42
98
-32
-82
-82
-57
8
29
-6
-25
52
55
-11
-72
3
14
21
32
6
-70
-86
32
49
-36
-90
68
-63
-89
-5
-96
117
-80
11
79
-32
-83
49
-18
-65
-31
61
56
95
-62
23
-58
-58
91
-65
-109
-101
97
55
67
-100
6
111
-113
-44
108
-55
3
47
125
-109
101
-116
-11
-118
125
125
-1
-75
92
0
-101
22
-31
47
108
-37
-4
-86
126
-5
10
28
-72
84
73
17
-81
115
27
-122
110
112
-107
71
15
-119
44
106
78
125
26
-95
100
75
81
102
75
16
-95
46
-63
-67
-60
-75
1
115
116
79
29
-59
-35
-105
121
37
-122
61
-11
27
95
-22
34
41
55
21
-47
42
123
123
-48
-109
-110
-72
62
17
-112
87
-45
5
-73
106
-24
105
-79
61
-3
-81
-85
-102
-108
-54
-27
80
-56
-90
123
-93
-31
44
-82
3
-72
-19
110
75
-87
-60
58
112
-79
-90
96
-42
50
2
-59
-112
112
-93
-52
-118
-48
-62
-46
-3
-40
37
78
-97
-39
-36
18
87
99
-106
97
-120
-38
-43
-35
-78
-117
-113
-77
-39
-47
49
-110
-107
-96
-111
-110
2
54
-104
63
108
-90
-104
-48
114
-3
-22
38
74
97
27
38
-67
60
43
-89
94
52
64
58
-9
-36
117
102
-10
43
25
116
18
26
-47
-16
21
30
-91
-88
83
-89
-57
26
48
-28
-32
-34
-117
-26
-67
28
-117
-16
-88
-75
-36
-23
-110
-8
98
-71
-39
-80
-16
-95
-14
72
107
86
71
-125
19
125
26
113
50
75
56
31
55
75
-119
-108
-93
-48
-73
-67
27
103
-8
4
-46
48
-69
31
-43
-107
39
-93
69
121
-63
-58
73
47
-102
16
34
-78
-109
-106
-105
-107
104
18
109
87
30
-18
69
-29
-3
-38
93
-27
10
28
-67
-119
23
-35
-106
-5
123
93
-43
48
47
-122
40
-92
75
66
-88
120
-3
43
-75
100
-11
-42
113
-84
-36
19
-43
29
-12
105
-37
-102
-90
-11
-51
34
-57
-67
102
91
50
-98
67
-88
-12
-96
55
-119
115
86
39
56
39
-89
-125
-98
58
-53
47
85
5
16
85
-5
85
-11
9
2
29
-27
8
-100
3
-103
-42
45
-107
-81
14
10
-71
115
84
-53
102
-47
-80
-14
4
31
82
83
49
-37
106
-83
85
-80
-110
75
66
-38
-70
29
-54
107
57
-65
-26
-88
17
15
48
-109
78
-100
-89
55
-96
-107
93
-79
-90
57
-116
-100
74
116
-4
-39
-106
-94
-73
-44
-23
-36
117
104
-18
-117
-99
102
103
33
-120
-41
25
-28
-100
59
117
57
1
120
76
-20
-21
-116
50
13
5
118
25
-96
-1
71
-52
-71
115
-75
-58
17
1
-121
-1
3
-89
-61
126
-93
-3
58
-120
113
-76
-122
96
-16
-103
13
75
-72
90
54
-20
34
-30
-88
-38
-37
-106
49
-58
83
-77
-42
-21
40
38
41
-97
-24
64
94
67
-10
-82
17
-106
-44
104
102
-2
-57
58
-4
83
-28
1
31
-124
-121
-11
-34
-30
28
20
89
-59
89
92
38
-43
100
90
109
-68
64
-22
116
-87
-89
111
-69
58
-68
58
11
-104
-17
2
-12
-2
-98
1
36
-35
19
40
-56
-99
-77
30
86
86
-29
-95
80
-57
-84
-67
-13
-54
-112
66
-103
-27
65
-124
44
-83
-75
-92
-52
81
76
-80
57
-71
-47
-102
116
69
-102
-98
104
105
115
81
96
-116
3
-17
5
16
-119
23
-118
-99
-92
10
-33
-57
-37
-39
19
-25
-44
-71
-57
-54
-47
-5
-33
-14
104
54
32
-15
-2
-33
97
-85
48
100
-112
-4
17
-108
-61
116
-98
-34
42
-58
18
-9
26
-76
-33
-126
21
100
-35
49
-124
-23
102
-25
0
72
-103
102
124
64
87
19
89
-73
-95
-124
93
38
123
48
3
-6
-31
-80
19
57
18
-29
-69
66
-8
-93
91
-62
29
-113
106
106
-48
-30
67
65
-47
7
112
63
-69
96
114
86
-125
94
-59
-9
-55
-42
85
-69
27
-54
62
-6
-55
-114
-41
-125
21
51
109
108
-83
124
19
-49
-99
103
16
-4
-25
-40
-22
116
53
-103
109
-125
-12
-43
47
-84
61
23
-66
78
127
52
-70
-4
105
-57
71
19
-47
-94
30
-31
22
-70
60
101
13
31
-63
-50
40
61
23
-45
119
94
-7
-57
-48
-74
-70
51
-60
-41
126
41
-60
84
26
-10
-8
40
-83
-89
-72
-114
-90
64
-62
59
-108
121
81
26
95
112
122
79
-96
78
17
87
36
-57
-99
78
96
51
-105
40
-2
-123
-8
-63
77
31
90
-81
-44
0
-42
1
-8
42
-50
36
120
-76
63
-60
102
103
87
-63
-108
18
-58
100
100
0
-94
-21
67
24
-108
51
38
86
6
10
-54
-119
95
-110
10
-23
-42
119
85
42
-12
-59
-4
-54
-66
82
-70
106
13
-84
6
96
-104
-52
-108
17
19
-62
-114
-24
-84
-88
121
-70
-71
26
86
30
-53
115
-18
-5
-24
-36
-84
-43
5
98
-29
-104
-22
-63
92
-44
-36
12
-89
-108
-49
100
-111
-124
-65
5
-5
-44
103
-98
48
-81
100
117
119
-118
61
124
96
-12
-5
-73
18
14
-21
-120
23
94
67
-28
-35
-47
44
22
118
-125
63
29
-5
52
-111
79
0
-16
23
-85
88
2
-67
41
-94
-82
61
35
66
-63
38
-70
-21
-35
-106
-7
85
-26
71
26
-10
61
-43
-29
8
44
2
-80
46
-109
-121
-57
-126
-107
-37
93
-48
-64
-58
112
-109
48
35
110
-39
63
92
15
-14
81
111
110
-85
-101
23
124
-40
-94
7
49
-61
-70
-12
41
-30
-12
-16
-25
-42
-34
24
41
-37
-25
104
-70
-76
77
93
-38
-7
105
-75
-98
37
87
43
-96
-110
107
-124
-14
-2
-114
91
-78
106
46
31
109
-77
-113
57
-61
-108
-79
99
81
80
13
-111
-85
-79
-120
17
24
77
-43
40
114
69
84
-7
-125
9
100
87
-79
99
84
125
114
-66
-43
18
91
116
-38
-55
-32
-84
7
111
-19
37
96
-107
42
43
82
109
95
-122
-19
19
-89
49
-113
-98
-65
69
-114
82
-113
123
-78
-45
75
90
-81
-1
-39
106
-69
-72
72
11
5
-14
22
-86
-92
-97
89
98
18
-70
-122
-74
25
110
104
66
64
-7
82
44
102
-55
111
57
32
10
-47
69
22
26
-34
17
-121
92
110
-61
-112
-58
-115
-31
-102
17
-49
95
90
71
-21
80
-32
112
115
55
73
47
82
70
125
3
-78
112
-4
-2
39
80
20
89
-57
104
-42
86
-38
-115
-38
44
-64
-79
-24
28
-90
-117
111
105
115
-3
-29
-23
-19
20
-63
9
80
14
60
-111
-75
-14
92
43
-49
-111
-113
45
-18
40
-87
110
11
-92
-106
69
44
-1
-65
45
-16
-51
74
-116
-65
-25
-19
-99
81
21
34
53
-19
59
-115
65
-25
116
-6
85
12
22
-98
46
90
6
-4
112
-48
-116
-41
7
40
-110
38
-16
-122
-45
-122
-53
123
102
-33
93
-105
-121
-67
-47
-66
-84
41
-8
59
-5
-15
-126
-51
101
-53
102
-77
-47
93
23
50
39
-114
14
-100
-9
82
98
-71
102
46
49
86
105
-27
47
43
25
-81
72
-104
-52
-95
30
-116
-62
-112
-85
-90
47
56
98
110
-51
-98
-86
-63
-47
9
57
-102
22
30
-4
-48
-100
100
-54
-33
13
-47
90
-53
57
68
-106
22
63
-46
-27
93
113
72
-43
94
-13
-115
-46
17
84
-62
88
111
30
66
-37
-14
-58
52
-93
19
125
1
-7
-28
-97
3
28
61
-31
-7
44
-43
86
-46
-2
112
-72
113
-100
86
-12
43
64
92
34
-98
74
114
113
98
52
-88
72
10
55
77
-17
65
36
15
104
49
-85
26
103
-84
29
71
80
91
62
-44
-3
-113
103
87
92
40
-84
13
78
-104
-1
53
-84
113
1
31
-63
-38
-24
28
-26
7
43
-109
23
-57
-38
-88
-48
124
103
111
2
53
-101
-64
64
-35
-80
-20
-76
40
108
55
-64
-7
76
115
98
73
-122
-33
47
-17
-67
22
101
26
13
-39
-21
-105
-81
-68
74
122
112
-43
-115
51
-60
82
46
-10
-53
-70
16
23
26
38
-48
-117
62
72
-106
-57
69
87
28
-82
-52
36
-89
-117
-91
70
85
-85
-32
42
56
-66
84
110
117
122
-103
93
-25
69
-6
-87
-72
-10
60
-2
-60
-21
-11
-16
-58
15
-21
88
102
-125
-38
35
-87
6
-22
-104
-43
-104
7
0
-89
-114
80
47
112
106
29
-117
-78
91
15
48
103
-78
44
95
-61
-28
-77
-34
32
28
-86
30
-77
62
62
-70
71
-101
93
-112
-23
-67
59
-97
-86
-60
64
-36
57
-94
40
119
-70
19
-21
-51
2
7
-46
33
-102
22
75
72
-122
122
2
-119
64
112
-52
28
113
-35
-31
116
68
64
-47
36
80
-24
108
26
-122
76
-3
51
-15
55
-3
-13
-115
120
-26
80
122
-97
-75
-59
-32
-39
-9
-62
44
125
-17
86
-102
-66
-125
78
-16
-80
-23
-44
108
120
-19
29
-104
27
127
-49
-25
38
17
1
81
-91
37
32
55
25
-82
-43
46
-37
-88
32
-117
121
62
123
126
-22
21
-102
87
-42
0
18
92
103
-102
-23
104
9
33
-44
32
71
-52
62
-64
7
-80
-56
-25
65
-24
-7
117
-13
32
-107
-52
-12
-92
42
-75
72
55
-116
19
-61
119
-65
119
80
-116
111
59
92
56
-63
-31
-84
80
75
37
119
-87
2
-115
-64
-24
79
-118
51
-94
16
58
-15
93
-34
-54
-97
37
-5
36
21
-22
-75
-45
-14
-55
-113
15
-37
103
6
19
11
119
72
-103
88
-61
125
114
-68
26
35
-81
88
102
-125
-52
48
-121
118
21
-62
-12
69
86
9
-124
-9
-19
-23
73
-65
-79
113
-93
13
-42
52
-83
84
74
24
73
24
-117
0
-46
5
47
6
-6
101
78
-60
-31
3
-110
-19
6
-100
113
-119
-114
-44
-103
71
53
37
86
-47
-37
79
-53
76
-30
82
-14
84
15
19
-5
116
-87
104
95
-25
-47
38
19
82
-36
-38
61
22
-64
33
-60
94
-89
-71
-12
29
-41
-6
-120
101
-78
54
-1
-26
37
7
28
30
