0
13
25
38
49
61
72
82
91
99
107
113
118
122
125
127
127
126
124
120
115
110
103
95
86
76
65
54
43
30
18
5
-7
-20
-32
-45
-56
-67
-78
-87
-96
-104
-111
-116
-121
-124
-126
-127
-127
-125
-122
-118
-112
-106
-98
-90
-80
-70
-59
-47
-35
-23
-11
2
15
27
40
51
63
73
83
93
101
108
114
119
123
125
127
127
126
123
119
115
109
101
93
84
74
64
52
41
28
16
3
-10
-22
-35
-47
-58
-69
-79
-89
-97
-105
-112
-117
-121
-125
-126
-127
-126
-124
-121
-117
-111
-104
-97
-88
-79
-68
-57
-45
-33
-21
-8
4
17
29
42
53
65
75
85
94
102
109
115
120
123
126
127
127
125
123
119
114
107
100
92
83
73
62
50
38
26
14
1
-12
-24
-37
-49
-60
-71
-81
-90
-99
-106
-113
-118
-122
-125
-127
-127
-126
-124
-121
-116
-110
-103
-95
-87
-77
-66
-55
-43
-31
-19
-6
6
19
31
44
55
66
77
87
95
103
110
116
121
124
126
127
127
125
122
118
113
106
99
90
81
71
60
48
36
24
12
-1
